451126,1.00000251114868e+18,63875743302049,0.015,1.439,-0.002,0.032,-0.253,0.033,0.966,NaN,0.067,-0.323,0.944,0,0,0,63.85,NaN,0.067,-0.323,0.944,-0.032,0,0,0.615,3.886,6.314,0.773,NaN,0.067,-0.323,0.944,0.032,0,0,0.625,3.968,6.354,0.765,2,0.9597734
451127,1.00000251115369e+18,63875743302050,0.015,1.439,-0.002,0.032,-0.253,0.033,0.966,NaN,0.067,-0.323,0.944,0,0,0,63.85,NaN,0.067,-0.323,0.944,-0.032,0,0,0.616,3.887,6.314,0.774,NaN,0.067,-0.323,0.944,0.032,0,0,0.624,3.968,6.354,0.765,2,0.9648489
451128,1.00000251115869e+18,63875743302050,0.015,1.439,-0.002,0.032,-0.253,0.033,0.966,NaN,0.067,-0.323,0.944,0,0,0,63.85,NaN,0.067,-0.323,0.944,-0.032,0,0,0.616,3.889,6.314,0.774,NaN,0.067,-0.323,0.944,0.032,0,0,0.624,3.968,6.354,0.765,2,0.9851205
451129,1.00000251116369e+18,63875743302060,0.015,1.439,-0.002,0.032,-0.253,0.033,0.966,NaN,0.067,-0.323,0.944,0,0,0,63.85,NaN,0.067,-0.323,0.944,-0.032,0,0,0.616,3.89,6.314,0.775,NaN,0.067,-0.323,0.944,0.032,0,0,0.624,3.967,6.354,0.766,2,0.9874771
451130,1.0000025111687e+18,63875743302060,0.015,1.439,-0.002,0.032,-0.253,0.033,0.966,NaN,0.067,-0.323,0.944,0,0,0,63.85,NaN,0.067,-0.323,0.944,-0.032,0,0,0.616,3.89,6.314,0.775,NaN,0.067,-0.323,0.944,0.032,0,0,0.624,3.967,6.354,0.766,2,0.9947216
451131,1.0000025111737e+18,63875743302060,0.015,1.439,-0.002,0.032,-0.253,0.033,0.966,NaN,0.067,-0.323,0.944,0,0,0,63.85,NaN,0.067,-0.323,0.944,-0.032,0,0,0.616,3.89,6.314,0.776,NaN,0.067,-0.323,0.944,0.032,0,0,0.624,3.967,6.354,0.767,2,1
451132,1.00000251117871e+18,63875743302071,0.015,1.439,-0.002,0.032,-0.253,0.033,0.966,NaN,0.067,-0.323,0.944,0,0,0,63.85,NaN,0.067,-0.323,0.944,-0.032,0,0,0.616,3.891,6.314,0.776,NaN,0.067,-0.323,0.944,0.032,0,0,0.624,3.967,6.354,0.767,2,1
451133,1.00000251118378e+18,63875743302081,0.015,1.439,-0.001,0.032,-0.253,0.033,0.966,NaN,0.067,-0.323,0.944,0,0,0,63.85,NaN,0.067,-0.323,0.944,-0.032,0,0,0.616,3.891,6.314,0.777,NaN,0.067,-0.323,0.944,0.032,0,0,0.624,3.967,6.354,0.767,2,1
451134,1.00000251118877e+18,63875743302081,0.015,1.439,-0.001,0.032,-0.253,0.033,0.966,NaN,0.067,-0.323,0.944,0,0,0,63.85,NaN,0.067,-0.323,0.944,-0.032,0,0,0.616,3.891,6.314,0.777,NaN,0.067,-0.323,0.944,0.032,0,0,0.624,3.967,6.354,0.768,2,1
451135,1.00000251119377e+18,63875743302082,0.015,1.439,-0.001,0.032,-0.253,0.033,0.966,NaN,0.067,-0.324,0.944,0,0,0,63.85,NaN,0.067,-0.324,0.944,-0.032,0,0,0.616,3.89,6.314,0.778,NaN,0.067,-0.324,0.944,0.032,0,0,0.624,3.967,6.354,0.768,2,1
451136,1.00000251119878e+18,63875743302093,0.015,1.439,-0.001,0.032,-0.253,0.033,0.966,NaN,0.067,-0.324,0.944,0,0,0,63.85,NaN,0.067,-0.324,0.944,-0.032,0,0,0.616,3.887,6.314,0.778,NaN,0.067,-0.324,0.944,0.032,0,0,0.624,3.967,6.354,0.768,2,1
451137,1.00000251120378e+18,63875743302093,0.015,1.439,-0.001,0.032,-0.253,0.033,0.966,NaN,0.067,-0.324,0.944,0,0,0,63.85,NaN,0.067,-0.324,0.944,-0.032,0,0,0.615,3.881,6.314,0.778,NaN,0.067,-0.324,0.944,0.032,0,0,0.624,3.967,6.354,0.768,2,1
451138,1.00000251120882e+18,63875743302104,0.015,1.439,-0.001,0.032,-0.253,0.033,0.966,NaN,0.067,-0.324,0.944,0,0,0,63.85,NaN,0.067,-0.324,0.944,-0.032,0,0,0.614,3.878,6.314,0.778,NaN,0.067,-0.324,0.944,0.032,0,0,0.624,3.967,6.354,0.768,2,1
451139,1.00000251121382e+18,63875743302104,0.015,1.439,-0.001,0.032,-0.253,0.033,0.966,NaN,0.067,-0.324,0.944,0,0,0,63.85,NaN,0.067,-0.324,0.944,-0.032,0,0,0.614,3.877,6.314,0.778,NaN,0.067,-0.324,0.944,0.032,0,0,0.624,3.967,6.354,0.768,2,1
451140,1.00000251121882e+18,63875743302104,0.015,1.439,-0.001,0.032,-0.253,0.033,0.966,NaN,0.067,-0.324,0.944,0,0,0,63.85,NaN,0.067,-0.324,0.944,-0.032,0,0,0.614,3.876,6.314,0.778,NaN,0.067,-0.324,0.944,0.032,0,0,0.624,3.966,6.354,0.769,2,1
451141,1.00000251122383e+18,63875743302116,0.014,1.439,-0.001,0.032,-0.253,0.033,0.966,NaN,0.067,-0.324,0.944,0,0,0,63.85,NaN,0.067,-0.324,0.944,-0.032,0,0,0.614,3.874,6.314,0.778,NaN,0.067,-0.324,0.944,0.032,0,0,0.624,3.966,6.354,0.769,2,1
451142,1.00000251122887e+18,63875743302116,0.014,1.439,-0.001,0.032,-0.253,0.033,0.966,NaN,0.067,-0.324,0.944,0,0,0,63.85,NaN,0.067,-0.324,0.944,-0.032,0,0,0.614,3.874,6.314,0.778,NaN,0.067,-0.324,0.944,0.032,0,0,0.624,3.965,6.354,0.769,2,1
451143,1.00000251123387e+18,63875743302127,0.014,1.439,-0.001,0.032,-0.253,0.033,0.966,NaN,0.067,-0.325,0.944,0,0,0,63.85,NaN,0.067,-0.325,0.944,-0.032,0,0,0.613,3.873,6.314,0.779,NaN,0.067,-0.325,0.944,0.032,0,0,0.624,3.964,6.354,0.769,2,1
451144,1.00000251123887e+18,63875743302127,0.014,1.439,-0.001,0.032,-0.253,0.033,0.966,NaN,0.067,-0.325,0.943,0,0,0,63.85,NaN,0.067,-0.325,0.943,-0.032,0,0,0.613,3.87,6.314,0.779,NaN,0.067,-0.325,0.943,0.032,0,0,0.624,3.962,6.354,0.769,2,1
451145,1.00000251124387e+18,63875743302138,0.014,1.439,-0.001,0.032,-0.253,0.033,0.966,NaN,0.067,-0.325,0.943,0,0,0,63.85,NaN,0.067,-0.325,0.943,-0.032,0,0,0.611,3.861,6.314,0.779,NaN,0.067,-0.325,0.943,0.032,0,0,0.624,3.962,6.354,0.77,2,1
451146,1.0000025112489e+18,63875743302138,0.014,1.439,-0.001,0.032,-0.253,0.033,0.966,NaN,0.067,-0.325,0.943,0,0,0,63.85,NaN,0.067,-0.325,0.943,-0.032,0,0,0.611,3.858,6.314,0.78,NaN,0.067,-0.325,0.943,0.032,0,0,0.624,3.962,6.354,0.77,2,1
451147,1.00000251125391e+18,63875743302149,0.014,1.439,-0.001,0.032,-0.253,0.033,0.966,NaN,0.067,-0.326,0.943,0,0,0,63.85,NaN,0.067,-0.326,0.943,-0.032,0,0,0.611,3.858,6.314,0.78,NaN,0.067,-0.326,0.943,0.032,0,0,0.624,3.961,6.354,0.771,2,1
451148,1.00000251125894e+18,63875743302149,0.014,1.439,-0.001,0.032,-0.253,0.033,0.966,NaN,0.067,-0.326,0.943,0,0,0,63.85,NaN,0.067,-0.326,0.943,-0.032,0,0,0.612,3.863,6.314,0.78,NaN,0.067,-0.326,0.943,0.032,0,0,0.624,3.961,6.354,0.771,2,1
451149,1.00000251126397e+18,63875743302160,0.014,1.439,-0.001,0.032,-0.253,0.033,0.966,NaN,0.066,-0.326,0.943,0,0,0,63.85,NaN,0.066,-0.326,0.943,-0.032,0,0,0.613,3.868,6.314,0.781,NaN,0.066,-0.326,0.943,0.032,0,0,0.623,3.961,6.354,0.772,2,1
451150,1.00000251126897e+18,63875743302160,0.014,1.439,-0.001,0.032,-0.253,0.033,0.966,NaN,0.067,-0.325,0.943,0,0,0,63.85,NaN,0.067,-0.325,0.943,-0.032,0,0,0.613,3.873,6.314,0.782,NaN,0.067,-0.325,0.943,0.032,0,0,0.623,3.961,6.354,0.772,2,0.9100164
451151,1.00000251127398e+18,63875743302160,0.014,1.439,-0.001,0.032,-0.253,0.033,0.966,NaN,0.067,-0.325,0.943,0,0,0,63.85,NaN,0.067,-0.325,0.943,-0.032,0,0,0.614,3.878,6.314,0.783,NaN,0.067,-0.325,0.943,0.032,0,0,0.623,3.961,6.354,0.773,2,0.8872327
451152,1.00000251127899e+18,63875743302171,0.014,1.439,-0.001,0.032,-0.253,0.033,0.966,NaN,0.067,-0.325,0.943,0,0,0,63.85,NaN,0.067,-0.325,0.943,-0.032,0,0,0.615,3.881,6.314,0.784,NaN,0.067,-0.325,0.943,0.032,0,0,0.623,3.96,6.354,0.774,2,0.8857794
451153,1.0000025112841e+18,63875743302171,0.014,1.439,-0.001,0.032,-0.253,0.033,0.966,NaN,0.067,-0.324,0.944,0,0,0,63.85,NaN,0.067,-0.324,0.944,-0.032,0,0,0.616,3.886,6.314,0.785,NaN,0.067,-0.324,0.944,0.032,0,0,0.623,3.959,6.354,0.775,2,0.88025
451154,1.00000251128914e+18,63875743302183,0.014,1.439,-0.001,0.032,-0.253,0.033,0.966,NaN,0.067,-0.324,0.944,0,0,0,63.85,NaN,0.067,-0.324,0.944,-0.032,0,0,0.616,3.892,6.314,0.786,NaN,0.067,-0.324,0.944,0.032,0,0,0.623,3.959,6.354,0.775,2,0.8592023
451155,1.00000251129415e+18,63875743302183,0.014,1.439,-0.001,0.032,-0.253,0.033,0.966,NaN,0.066,-0.323,0.944,0,0,0,63.85,NaN,0.066,-0.323,0.944,-0.032,0,0,0.617,3.896,6.314,0.786,NaN,0.066,-0.323,0.944,0.032,0,0,0.623,3.958,6.354,0.776,2,0.7999817
451156,1.00000251129915e+18,63875743302194,0.014,1.439,-0.001,0.032,-0.253,0.032,0.966,NaN,0.063,-0.323,0.944,0,0,0,63.85,NaN,0.063,-0.323,0.944,-0.032,0,0,0.619,3.906,6.314,0.787,NaN,0.063,-0.323,0.944,0.032,0,0,0.623,3.956,6.354,0.777,2,0.2591473
451157,1.00000251130403e+18,63875743302194,0.014,1.439,-0.001,0.032,-0.253,0.032,0.966,NaN,0.06,-0.323,0.944,0,0,0,63.85,NaN,0.06,-0.323,0.944,-0.032,0,0,0.626,3.95,6.314,0.787,NaN,0.06,-0.323,0.944,0.032,0,0,0.622,3.954,6.354,0.776,2,0.04604485
451158,1.00000251130904e+18,63875743302194,0.014,1.439,-0.001,0.032,-0.253,0.032,0.966,NaN,0.063,-0.32,0.945,0,0,0,63.85,NaN,0.063,-0.32,0.945,-0.032,0,0,0.625,3.949,6.314,0.787,NaN,0.063,-0.32,0.945,0.032,0,0,0.626,3.976,6.354,0.776,2,0
451159,1.00000251131406e+18,63875743302204,0.014,1.439,-0.001,0.032,-0.253,0.032,0.966,NaN,0.066,-0.315,0.947,0,0,0,63.85,NaN,0.066,-0.315,0.947,-0.032,0,0,0.629,3.97,6.314,0.786,NaN,0.066,-0.315,0.947,0.032,0,0,0.618,3.926,6.354,0.774,2,0
451160,1.00000251131908e+18,63875743302205,0.014,1.439,-0.001,0.032,-0.253,0.032,0.966,NaN,0.078,-0.307,0.949,0,0,0,63.85,NaN,0.078,-0.307,0.949,-0.032,0,0,0.625,3.947,6.314,0.783,NaN,0.078,-0.307,0.949,0.032,0,0,0.603,3.831,6.354,0.772,2,0
451161,1.00000251132409e+18,63875743302217,0.014,1.439,-0.001,0.033,-0.253,0.032,0.966,NaN,0.091,-0.3,0.949,0,0,0,63.85,NaN,0.091,-0.3,0.949,-0.032,0,0,0.622,3.929,6.314,0.777,NaN,0.091,-0.3,0.949,0.032,0,0,0.595,3.782,6.354,0.768,2,0
451162,1.00000251132916e+18,63875743302217,0.014,1.439,-0.001,0.033,-0.253,0.032,0.966,NaN,0.12,-0.281,0.952,0,0,0,63.85,NaN,0.122,-0.28,0.952,-0.032,0,0,0.586,3.702,6.314,0.768,NaN,0.119,-0.281,0.952,0.032,0,0,0.591,3.755,6.354,0.763,2,0
451163,1.00000251133419e+18,63875743302227,0.014,1.439,-0.001,0.033,-0.253,0.032,0.966,NaN,0.166,-0.26,0.951,0,0,0,63.85,NaN,0.169,-0.26,0.951,-0.032,0,0,0.557,3.516,6.314,0.759,NaN,0.163,-0.26,0.952,0.032,0,0,0.591,3.756,6.354,0.758,2,0
451164,1.00000251133916e+18,63875743302227,0.014,1.439,-0.001,0.033,-0.253,0.032,0.966,NaN,0.201,-0.234,0.951,0,0,0,63.85,NaN,0.203,-0.234,0.951,-0.032,0,0,0.559,3.532,6.314,0.753,NaN,0.198,-0.234,0.952,0.032,0,0,0.593,3.77,6.354,0.754,2,0
451165,1.00000251134419e+18,63875743302238,0.014,1.439,-0.001,0.033,-0.253,0.032,0.966,NaN,0.226,-0.213,0.95,0,0,0,63.85,NaN,0.228,-0.213,0.95,-0.032,0,0,0.558,3.523,6.314,0.749,NaN,0.225,-0.213,0.951,0.032,0,0,0.596,3.788,6.354,0.753,2,0
451166,1.00000251134916e+18,63875743302238,0.014,1.439,-0.001,0.033,-0.253,0.032,0.966,NaN,0.243,-0.196,0.95,0,0,0,63.85,NaN,0.244,-0.196,0.95,-0.032,0,0,0.556,3.508,6.314,0.748,NaN,0.242,-0.196,0.95,0.032,0,0,0.599,3.807,6.354,0.753,2,0
451167,1.00000251135419e+18,63875743302249,0.014,1.439,-0.001,0.033,-0.253,0.032,0.966,NaN,0.25,-0.181,0.951,0,0,0,63.85,NaN,0.25,-0.181,0.951,-0.032,0,0,0.556,3.508,6.314,0.749,NaN,0.249,-0.181,0.951,0.032,0,0,0.604,3.837,6.354,0.754,2,0
451168,1.00000251135921e+18,63875743302249,0.014,1.439,-0.001,0.033,-0.253,0.032,0.966,NaN,0.257,-0.159,0.953,0,0,0,63.85,NaN,0.257,-0.159,0.953,-0.032,0,0,0.615,3.882,6.314,0.75,NaN,0.257,-0.159,0.953,0.032,0,0,0.609,3.868,6.354,0.755,2,0
451169,1.0000025113642e+18,63875743302260,0.014,1.439,-0.001,0.033,-0.253,0.032,0.966,NaN,0.263,-0.144,0.954,0,0,0,63.85,NaN,0.263,-0.144,0.954,-0.032,0,0,0.619,3.907,6.314,0.751,NaN,0.262,-0.144,0.954,0.032,0,0,0.613,3.896,6.354,0.756,2,0
451170,1.00000251136923e+18,63875743302260,0.014,1.439,-0.001,0.033,-0.253,0.032,0.966,NaN,0.268,-0.135,0.954,0,0,0,63.85,NaN,0.269,-0.135,0.954,-0.032,0,0,0.619,3.911,6.314,0.752,NaN,0.268,-0.135,0.954,0.032,0,0,0.617,3.919,6.354,0.757,2,0
451171,1.00000251137426e+18,63875743302260,0.014,1.439,-0.001,0.033,-0.253,0.032,0.966,NaN,0.269,-0.124,0.955,0,0,0,63.85,NaN,0.269,-0.124,0.955,-0.032,0,0,0.622,3.929,6.314,0.754,NaN,0.269,-0.124,0.955,0.032,0,0,0.62,3.942,6.354,0.76,2,0
451172,1.00000251137929e+18,63875743302271,0.014,1.439,-0.001,0.033,-0.253,0.032,0.966,NaN,0.27,-0.116,0.956,0,0,0,63.85,NaN,0.27,-0.116,0.956,-0.032,0,0,0.624,3.938,6.314,0.757,NaN,0.27,-0.116,0.956,0.032,0,0,0.623,3.961,6.354,0.763,2,0
451173,1.00000251138432e+18,63875743302271,0.014,1.439,-0.001,0.033,-0.253,0.032,0.966,NaN,0.271,-0.109,0.956,0,0,0,63.85,NaN,0.271,-0.109,0.956,-0.032,0,0,0.626,3.952,6.314,0.76,NaN,0.271,-0.109,0.956,0.032,0,0,0.627,3.984,6.354,0.766,2,0
451174,1.00000251138933e+18,63875743302282,0.014,1.439,-0.001,0.033,-0.253,0.032,0.966,NaN,0.272,-0.104,0.957,0,0,0,63.85,NaN,0.272,-0.104,0.957,-0.032,0,0,0.633,3.998,6.314,0.763,NaN,0.272,-0.104,0.957,0.032,0,0,0.63,4.005,6.354,0.77,2,0
451175,1.00000251139427e+18,63875743302282,0.014,1.439,-0.001,0.033,-0.253,0.032,0.966,NaN,0.273,-0.099,0.957,0,0,0,63.85,NaN,0.273,-0.099,0.957,-0.032,0,0,0.635,4.011,6.314,0.766,NaN,0.273,-0.099,0.957,0.032,0,0,0.633,4.02,6.354,0.774,2,0
451176,1.00000251139928e+18,63875743302293,0.014,1.439,-0.001,0.033,-0.253,0.032,0.966,NaN,0.274,-0.096,0.957,0,0,0,63.85,NaN,0.274,-0.096,0.957,-0.032,0,0,0.635,4.012,6.314,0.77,NaN,0.274,-0.096,0.957,0.032,0,0,0.634,4.031,6.354,0.777,2,0
451177,1.00000251140431e+18,63875743302294,0.014,1.439,-0.001,0.033,-0.253,0.032,0.966,NaN,0.274,-0.093,0.957,0,0,0,63.85,NaN,0.274,-0.093,0.957,-0.032,0,0,0.635,4.01,6.314,0.774,NaN,0.274,-0.093,0.957,0.032,0,0,0.636,4.041,6.354,0.781,2,0
451178,1.0000025114094e+18,63875743302304,0.014,1.439,-0.001,0.033,-0.253,0.032,0.966,NaN,0.275,-0.091,0.957,0,0,0,63.85,NaN,0.275,-0.091,0.957,-0.032,0,0,0.635,4.01,6.314,0.778,NaN,0.275,-0.091,0.957,0.032,0,0,0.638,4.053,6.354,0.784,2,0
451179,1.00000251141439e+18,63875743302304,0.014,1.439,-0.001,0.033,-0.253,0.032,0.966,NaN,0.276,-0.09,0.957,0,0,0,63.85,NaN,0.276,-0.09,0.957,-0.032,0,0,0.635,4.008,6.314,0.781,NaN,0.276,-0.09,0.957,0.032,0,0,0.64,4.068,6.354,0.788,2,0
451180,1.00000251141939e+18,63875743302304,0.014,1.439,-0.001,0.033,-0.253,0.032,0.966,NaN,0.276,-0.088,0.957,0,0,0,63.85,NaN,0.276,-0.088,0.957,-0.032,0,0,0.635,4.008,6.314,0.784,NaN,0.276,-0.088,0.957,0.032,0,0,0.642,4.08,6.354,0.791,2,0
451181,1.0000025114244e+18,63875743302315,0.014,1.439,-0.001,0.033,-0.253,0.032,0.966,NaN,0.277,-0.087,0.957,0,0,0,63.85,NaN,0.277,-0.087,0.957,-0.032,0,0,0.637,4.024,6.314,0.786,NaN,0.277,-0.087,0.957,0.032,0,0,0.644,4.089,6.354,0.795,2,0
451182,1.00000251142941e+18,63875743302315,0.014,1.439,-0.001,0.033,-0.253,0.032,0.966,NaN,0.277,-0.086,0.957,0,0,0,63.85,NaN,0.277,-0.086,0.957,-0.032,0,0,0.639,4.034,6.314,0.789,NaN,0.277,-0.086,0.957,0.032,0,0,0.645,4.097,6.354,0.797,2,0
451183,1.00000251143442e+18,63875743302326,0.014,1.439,-0.001,0.033,-0.253,0.032,0.966,NaN,0.278,-0.085,0.957,0,0,0,63.85,NaN,0.278,-0.085,0.957,-0.032,0,0,0.639,4.037,6.314,0.791,NaN,0.278,-0.085,0.957,0.032,0,0,0.646,4.107,6.354,0.8,2,0
451184,1.00000251143943e+18,63875743302326,0.014,1.439,-0.001,0.033,-0.253,0.032,0.966,NaN,0.278,-0.084,0.957,0,0,0,63.85,NaN,0.278,-0.084,0.957,-0.032,0,0,0.639,4.037,6.314,0.793,NaN,0.278,-0.084,0.957,0.032,0,0,0.648,4.116,6.354,0.802,2,0
451185,1.00000251144443e+18,63875743302338,0.014,1.439,-0.001,0.033,-0.253,0.032,0.966,NaN,0.278,-0.083,0.957,0,0,0,63.85,NaN,0.278,-0.083,0.957,-0.032,0,0,0.64,4.04,6.314,0.796,NaN,0.278,-0.083,0.957,0.032,0,0,0.649,4.124,6.354,0.805,2,0
451186,1.00000251144941e+18,63875743302338,0.014,1.439,-0.001,0.033,-0.253,0.032,0.966,NaN,0.277,-0.088,0.957,0,0,0,63.85,NaN,0.277,-0.088,0.957,-0.032,0,0,0.64,4.043,6.314,0.798,NaN,0.277,-0.088,0.957,0.032,0,0,0.636,4.038,6.354,0.807,2,0
451187,1.0000025114544e+18,63875743302349,0.014,1.438,-0.001,0.033,-0.253,0.032,0.966,NaN,0.275,-0.093,0.957,0,0,0,63.85,NaN,0.275,-0.093,0.957,-0.032,0,0,0.641,4.047,6.314,0.8,NaN,0.275,-0.093,0.957,0.032,0,0,0.628,3.993,6.354,0.809,2,0
451188,1.0000025114594e+18,63875743302349,0.014,1.438,-0.001,0.033,-0.253,0.032,0.966,NaN,0.275,-0.094,0.957,0,0,0,63.85,NaN,0.275,-0.094,0.957,-0.032,0,0,0.641,4.049,6.314,0.802,NaN,0.275,-0.094,0.957,0.032,0,0,0.635,4.036,6.354,0.81,2,0
451189,1.00000251146441e+18,63875743302349,0.014,1.438,-0.001,0.033,-0.253,0.032,0.966,NaN,0.275,-0.094,0.957,0,0,0,63.85,NaN,0.275,-0.094,0.957,-0.032,0,0,0.64,4.04,6.314,0.804,NaN,0.275,-0.094,0.957,0.032,0,0,0.642,4.08,6.354,0.812,2,0
451190,1.00000251146948e+18,63875743302361,0.014,1.438,-0.001,0.033,-0.253,0.032,0.966,NaN,0.275,-0.093,0.957,0,0,0,63.85,NaN,0.275,-0.093,0.957,-0.032,0,0,0.637,4.022,6.314,0.806,NaN,0.275,-0.093,0.957,0.032,0,0,0.646,4.106,6.354,0.814,2,0
451191,1.00000251147445e+18,63875743302361,0.014,1.438,-0.001,0.033,-0.253,0.032,0.966,NaN,0.273,-0.095,0.957,0,0,0,63.85,NaN,0.273,-0.095,0.957,-0.032,0,0,0.637,4.019,6.314,0.808,NaN,0.273,-0.095,0.957,0.032,0,0,0.638,4.056,6.354,0.815,2,0
451192,1.00000251147946e+18,63875743302371,0.014,1.438,-0.002,0.033,-0.253,0.032,0.966,NaN,0.272,-0.096,0.957,0,0,0,63.85,NaN,0.272,-0.096,0.957,-0.032,0,0,0.634,4.004,6.314,0.809,NaN,0.272,-0.096,0.957,0.032,0,0,0.633,4.02,6.354,0.816,2,0
451193,1.0000025114845e+18,63875743302372,0.014,1.438,-0.002,0.033,-0.253,0.032,0.966,NaN,0.272,-0.099,0.957,0,0,0,63.85,NaN,0.272,-0.099,0.957,-0.032,0,0,0.634,4.003,6.314,0.811,NaN,0.272,-0.099,0.957,0.032,0,0,0.629,3.995,6.354,0.818,2,0
451194,1.0000025114895e+18,63875743302382,0.014,1.438,-0.002,0.033,-0.253,0.032,0.966,NaN,0.271,-0.1,0.957,0,0,0,63.85,NaN,0.271,-0.1,0.957,-0.032,0,0,0.634,4.003,6.314,0.812,NaN,0.271,-0.1,0.957,0.032,0,0,0.624,3.967,6.354,0.819,2,0
451195,1.00000251149451e+18,63875743302382,0.014,1.438,-0.002,0.033,-0.253,0.032,0.966,NaN,0.27,-0.1,0.958,0,0,0,63.85,NaN,0.27,-0.1,0.958,-0.032,0,0,0.634,4.004,6.314,0.814,NaN,0.27,-0.1,0.958,0.032,0,0,0.623,3.955,6.354,0.82,2,0
451196,1.00000251149951e+18,63875743302394,0.014,1.438,-0.002,0.032,-0.253,0.032,0.966,NaN,0.269,-0.102,0.958,0,0,0,63.85,NaN,0.269,-0.102,0.958,-0.032,0,0,0.633,3.998,6.314,0.815,NaN,0.269,-0.102,0.958,0.032,0,0,0.621,3.944,6.354,0.822,2,0
451197,1.00000251150451e+18,63875743302394,0.014,1.438,-0.002,0.032,-0.253,0.032,0.966,NaN,0.269,-0.103,0.958,0,0,0,63.85,NaN,0.269,-0.103,0.958,-0.032,0,0,0.632,3.993,6.314,0.816,NaN,0.269,-0.103,0.958,0.032,0,0,0.62,3.938,6.354,0.823,2,0
451198,1.00000251150955e+18,63875743302405,0.014,1.438,-0.002,0.032,-0.253,0.032,0.966,NaN,0.267,-0.106,0.958,0,0,0,63.85,NaN,0.267,-0.106,0.958,-0.032,0,0,0.632,3.994,6.314,0.818,NaN,0.267,-0.106,0.958,0.032,0,0,0.619,3.932,6.354,0.824,2,0
451199,1.00000251151455e+18,63875743302405,0.014,1.438,-0.002,0.032,-0.253,0.032,0.966,NaN,0.267,-0.111,0.957,0,0,0,63.85,NaN,0.267,-0.111,0.957,-0.032,0,0,0.632,3.992,6.314,0.82,NaN,0.267,-0.111,0.957,0.032,0,0,0.618,3.926,6.354,0.826,2,0
451200,1.00000251151958e+18,63875743302417,0.014,1.438,-0.002,0.032,-0.253,0.032,0.966,NaN,0.266,-0.116,0.957,0,0,0,63.85,NaN,0.266,-0.116,0.957,-0.032,0,0,0.632,3.99,6.314,0.821,NaN,0.266,-0.116,0.957,0.032,0,0,0.617,3.917,6.354,0.827,2,0
451201,1.0000025115246e+18,63875743302417,0.014,1.438,-0.002,0.032,-0.253,0.032,0.966,NaN,0.265,-0.121,0.957,0,0,0,63.85,NaN,0.265,-0.121,0.957,-0.032,0,0,0.631,3.987,6.314,0.823,NaN,0.265,-0.121,0.957,0.032,0,0,0.616,3.912,6.354,0.829,2,0
451202,1.00000251152959e+18,63875743302417,0.014,1.438,-0.002,0.032,-0.253,0.032,0.966,NaN,0.263,-0.124,0.957,0,0,0,63.85,NaN,0.263,-0.124,0.957,-0.032,0,0,0.631,3.986,6.314,0.825,NaN,0.263,-0.124,0.957,0.032,0,0,0.615,3.906,6.354,0.831,2,0
451203,1.00000251153459e+18,63875743302427,0.014,1.438,-0.002,0.032,-0.253,0.032,0.966,NaN,0.261,-0.126,0.957,0,0,0,63.85,NaN,0.261,-0.126,0.957,-0.032,0,0,0.633,3.994,6.314,0.827,NaN,0.261,-0.126,0.957,0.032,0,0,0.614,3.903,6.354,0.833,2,0
451204,1.0000025115396e+18,63875743302427,0.014,1.438,-0.002,0.032,-0.253,0.032,0.966,NaN,0.259,-0.128,0.957,0,0,0,63.85,NaN,0.259,-0.128,0.957,-0.032,0,0,0.635,4.008,6.314,0.828,NaN,0.259,-0.128,0.957,0.032,0,0,0.614,3.9,6.354,0.835,2,0
451205,1.0000025115446e+18,63875743302438,0.014,1.438,-0.002,0.032,-0.253,0.032,0.966,NaN,0.257,-0.13,0.958,0,0,0,63.85,NaN,0.257,-0.13,0.958,-0.032,0,0,0.639,4.036,6.314,0.83,NaN,0.257,-0.13,0.958,0.032,0,0,0.613,3.897,6.354,0.837,2,0
451206,1.00000251154963e+18,63875743302438,0.014,1.438,-0.002,0.032,-0.253,0.032,0.966,NaN,0.255,-0.132,0.958,0,0,0,63.85,NaN,0.255,-0.132,0.958,-0.032,0,0,0.64,4.039,6.314,0.832,NaN,0.255,-0.132,0.958,0.032,0,0,0.613,3.893,6.354,0.839,2,0
451207,1.00000251155464e+18,63875743302449,0.014,1.438,-0.002,0.032,-0.253,0.032,0.967,NaN,0.253,-0.134,0.958,0,0,0,63.85,NaN,0.253,-0.134,0.958,-0.032,0,0,0.641,4.048,6.314,0.834,NaN,0.253,-0.134,0.958,0.032,0,0,0.612,3.891,6.354,0.841,2,0
451208,1.00000251155976e+18,63875743302450,0.014,1.438,-0.002,0.032,-0.253,0.032,0.967,NaN,0.251,-0.135,0.958,0,0,0,63.85,NaN,0.251,-0.135,0.958,-0.032,0,0,0.641,4.047,6.314,0.836,NaN,0.251,-0.135,0.958,0.032,0,0,0.612,3.89,6.354,0.843,2,0
451209,1.00000251156476e+18,63875743302461,0.014,1.438,-0.002,0.032,-0.253,0.032,0.967,NaN,0.25,-0.136,0.959,0,0,0,63.85,NaN,0.25,-0.136,0.959,-0.032,0,0,0.641,4.046,6.314,0.838,NaN,0.25,-0.136,0.959,0.032,0,0,0.612,3.889,6.354,0.845,2,0
451210,1.00000251156977e+18,63875743302461,0.014,1.438,-0.002,0.032,-0.253,0.032,0.967,NaN,0.248,-0.137,0.959,0,0,0,63.85,NaN,0.248,-0.137,0.959,-0.032,0,0,0.64,4.042,6.314,0.839,NaN,0.248,-0.137,0.959,0.032,0,0,0.612,3.889,6.354,0.847,2,0
451211,1.00000251157478e+18,63875743302461,0.014,1.438,-0.002,0.032,-0.253,0.032,0.967,NaN,0.246,-0.138,0.959,0,0,0,63.85,NaN,0.246,-0.138,0.959,-0.032,0,0,0.639,4.036,6.314,0.841,NaN,0.246,-0.138,0.959,0.032,0,0,0.612,3.889,6.354,0.849,2,0.01186872
451212,1.00000251157971e+18,63875743302472,0.014,1.438,-0.002,0.033,-0.253,0.032,0.966,NaN,0.245,-0.138,0.96,0,0,0,63.85,NaN,0.245,-0.138,0.96,-0.032,0,0,0.637,4.022,6.314,0.843,NaN,0.245,-0.138,0.96,0.032,0,0,0.612,3.889,6.354,0.851,2,0.2089322
451213,1.00000251158472e+18,63875743302472,0.014,1.438,-0.002,0.033,-0.253,0.032,0.966,NaN,0.243,-0.139,0.96,0,0,0,63.85,NaN,0.243,-0.139,0.96,-0.032,0,0,0.636,4.013,6.314,0.846,NaN,0.243,-0.139,0.96,0.032,0,0,0.612,3.888,6.354,0.853,2,0.3524328
451214,1.00000251158973e+18,63875743302482,0.014,1.438,-0.002,0.033,-0.253,0.032,0.966,NaN,0.241,-0.14,0.96,0,0,0,63.85,NaN,0.241,-0.14,0.96,-0.032,0,0,0.637,4.02,6.314,0.848,NaN,0.241,-0.14,0.96,0.032,0,0,0.612,3.887,6.354,0.855,2,0.3364767
451215,1.00000251159478e+18,63875743302482,0.014,1.438,-0.002,0.033,-0.253,0.032,0.966,NaN,0.24,-0.14,0.961,0,0,0,63.85,NaN,0.24,-0.14,0.961,-0.032,0,0,0.646,4.081,6.314,0.849,NaN,0.24,-0.14,0.961,0.032,0,0,0.612,3.886,6.354,0.858,2,0.3871277
451216,1.0000025115998e+18,63875743302494,0.014,1.438,-0.002,0.033,-0.252,0.033,0.966,NaN,0.238,-0.141,0.961,0,0,0,63.85,NaN,0.238,-0.141,0.961,-0.032,0,0,0.648,4.093,6.314,0.851,NaN,0.238,-0.141,0.961,0.032,0,0,0.612,3.886,6.354,0.86,2,0.3874657
451217,1.00000251160481e+18,63875743302494,0.014,1.438,-0.002,0.033,-0.252,0.033,0.966,NaN,0.237,-0.141,0.961,0,0,0,63.85,NaN,0.237,-0.141,0.961,-0.032,0,0,0.648,4.092,6.314,0.852,NaN,0.237,-0.141,0.961,0.032,0,0,0.612,3.886,6.354,0.862,2,0.3961945
451218,1.00000251160982e+18,63875743302505,0.014,1.438,-0.003,0.033,-0.252,0.032,0.967,NaN,0.236,-0.142,0.961,0,0,0,63.85,NaN,0.236,-0.142,0.961,-0.032,0,0,0.646,4.082,6.314,0.854,NaN,0.236,-0.142,0.961,0.032,0,0,0.612,3.886,6.354,0.864,2,0.5994214
451219,1.00000251161484e+18,63875743302505,0.014,1.438,-0.003,0.033,-0.252,0.032,0.967,NaN,0.234,-0.143,0.962,0,0,0,63.85,NaN,0.234,-0.143,0.962,-0.032,0,0,0.645,4.075,6.314,0.856,NaN,0.234,-0.143,0.962,0.032,0,0,0.612,3.886,6.354,0.865,2,0.6294547
451220,1.00000251161985e+18,63875743302505,0.014,1.438,-0.003,0.033,-0.252,0.032,0.967,NaN,0.233,-0.143,0.962,0,0,0,63.85,NaN,0.233,-0.143,0.962,-0.032,0,0,0.643,4.06,6.314,0.859,NaN,0.233,-0.143,0.962,0.032,0,0,0.612,3.886,6.354,0.868,2,0.6165013
451221,1.00000251162489e+18,63875743302517,0.014,1.438,-0.003,0.033,-0.252,0.032,0.966,NaN,0.232,-0.144,0.962,0,0,0,63.85,NaN,0.232,-0.144,0.962,-0.032,0,0,0.64,4.043,6.314,0.86,NaN,0.232,-0.144,0.962,0.032,0,0,0.612,3.886,6.354,0.869,2,0.7102448
451222,1.0000025116299e+18,63875743302517,0.014,1.438,-0.003,0.033,-0.252,0.032,0.966,NaN,0.23,-0.145,0.962,0,0,0,63.85,NaN,0.23,-0.145,0.962,-0.032,0,0,0.638,4.029,6.314,0.862,NaN,0.23,-0.145,0.962,0.032,0,0,0.612,3.886,6.354,0.871,2,0.6349452
451223,1.00000251163492e+18,63875743302527,0.014,1.438,-0.003,0.033,-0.253,0.033,0.966,NaN,0.229,-0.145,0.963,0,0,0,63.85,NaN,0.229,-0.145,0.963,-0.032,0,0,0.637,4.024,6.314,0.863,NaN,0.229,-0.145,0.963,0.032,0,0,0.612,3.886,6.354,0.872,2,0.6204685
451224,1.00000251163992e+18,63875743302527,0.014,1.438,-0.003,0.033,-0.253,0.033,0.966,NaN,0.226,-0.143,0.964,0,0,0,63.85,NaN,0.226,-0.143,0.964,-0.032,0,0,0.637,4.025,6.314,0.864,NaN,0.226,-0.143,0.964,0.032,0,0,0.612,3.886,6.354,0.874,2,0.2488838
451225,1.00000251164485e+18,63875743302538,0.014,1.438,-0.003,0.033,-0.253,0.033,0.966,NaN,0.224,-0.141,0.964,0,0,0,63.85,NaN,0.224,-0.141,0.964,-0.032,0,0,0.638,4.031,6.314,0.866,NaN,0.224,-0.141,0.964,0.032,0,0,0.612,3.886,6.354,0.875,2,0.1930509
451226,1.0000025116499e+18,63875743302538,0.014,1.438,-0.003,0.033,-0.253,0.033,0.966,NaN,0.223,-0.14,0.965,0,0,0,63.85,NaN,0.223,-0.14,0.965,-0.032,0,0,0.639,4.038,6.314,0.867,NaN,0.223,-0.14,0.965,0.032,0,0,0.612,3.886,6.354,0.876,2,0.199248
451227,1.00000251165492e+18,63875743302550,0.014,1.438,-0.003,0.033,-0.252,0.033,0.967,NaN,0.221,-0.139,0.965,0,0,0,63.85,NaN,0.221,-0.139,0.965,-0.032,0,0,0.64,4.044,6.314,0.869,NaN,0.221,-0.139,0.965,0.032,0,0,0.612,3.885,6.354,0.877,2,0.1964466
451228,1.00000251165996e+18,63875743302550,0.014,1.438,-0.003,0.033,-0.252,0.033,0.967,NaN,0.22,-0.138,0.966,0,0,0,63.85,NaN,0.22,-0.138,0.966,-0.032,0,0,0.64,4.044,6.314,0.87,NaN,0.22,-0.138,0.966,0.032,0,0,0.611,3.884,6.354,0.878,2,0
451229,1.00000251166498e+18,63875743302550,0.014,1.438,-0.003,0.033,-0.252,0.033,0.967,NaN,0.22,-0.139,0.966,0,0,0,63.85,NaN,0.22,-0.139,0.966,-0.032,0,0,0.64,4.039,6.314,0.871,NaN,0.22,-0.139,0.966,0.032,0,0,0.611,3.884,6.354,0.879,2,0
451230,1.00000251167e+18,63875743302561,0.014,1.438,-0.003,0.033,-0.252,0.033,0.967,NaN,0.219,-0.139,0.966,0,0,0,63.85,NaN,0.219,-0.139,0.966,-0.032,0,0,0.635,4.011,6.314,0.872,NaN,0.219,-0.139,0.966,0.032,0,0,0.611,3.883,6.354,0.88,2,0
451231,1.00000251167502e+18,63875743302561,0.014,1.438,-0.003,0.033,-0.252,0.033,0.967,NaN,0.218,-0.14,0.966,0,0,0,63.85,NaN,0.218,-0.14,0.966,-0.032,0,0,0.632,3.989,6.314,0.872,NaN,0.218,-0.14,0.966,0.032,0,0,0.611,3.885,6.354,0.88,2,0
451232,1.00000251168004e+18,63875743302571,0.014,1.438,-0.003,0.033,-0.252,0.033,0.967,NaN,0.217,-0.142,0.966,0,0,0,63.85,NaN,0.217,-0.142,0.966,-0.032,0,0,0.631,3.987,6.314,0.872,NaN,0.217,-0.142,0.966,0.032,0,0,0.612,3.886,6.354,0.88,2,0
451233,1.00000251168506e+18,63875743302571,0.014,1.438,-0.003,0.033,-0.252,0.033,0.967,NaN,0.218,-0.143,0.965,0,0,0,63.85,NaN,0.218,-0.143,0.965,-0.032,0,0,0.632,3.992,6.314,0.872,NaN,0.218,-0.143,0.965,0.032,0,0,0.612,3.887,6.354,0.88,2,0
451234,1.00000251169001e+18,63875743302583,0.014,1.438,-0.003,0.032,-0.252,0.033,0.967,NaN,0.219,-0.143,0.965,0,0,0,63.85,NaN,0.219,-0.143,0.965,-0.032,0,0,0.632,3.989,6.314,0.872,NaN,0.219,-0.143,0.965,0.032,0,0,0.612,3.887,6.354,0.879,2,0
451235,1.00000251169503e+18,63875743302583,0.014,1.438,-0.003,0.032,-0.252,0.033,0.967,NaN,0.222,-0.142,0.965,0,0,0,63.85,NaN,0.222,-0.142,0.965,-0.032,0,0,0.632,3.992,6.314,0.872,NaN,0.222,-0.142,0.965,0.032,0,0,0.612,3.888,6.354,0.879,2,0
451236,1.00000251170002e+18,63875743302594,0.013,1.438,-0.003,0.033,-0.252,0.033,0.966,NaN,0.223,-0.141,0.965,0,0,0,63.85,NaN,0.223,-0.141,0.965,-0.032,0,0,0.632,3.993,6.314,0.872,NaN,0.223,-0.141,0.965,0.032,0,0,0.612,3.888,6.354,0.878,2,0
451237,1.00000251170504e+18,63875743302594,0.013,1.438,-0.003,0.033,-0.252,0.033,0.966,NaN,0.224,-0.137,0.965,0,0,0,63.85,NaN,0.224,-0.137,0.965,-0.032,0,0,0.631,3.987,6.314,0.872,NaN,0.224,-0.137,0.965,0.032,0,0,0.612,3.89,6.354,0.877,2,0
451238,1.00000251171008e+18,63875743302605,0.013,1.438,-0.003,0.033,-0.252,0.033,0.967,NaN,0.225,-0.129,0.966,0,0,0,63.85,NaN,0.225,-0.129,0.966,-0.032,0,0,0.632,3.989,6.314,0.872,NaN,0.225,-0.129,0.966,0.032,0,0,0.613,3.893,6.354,0.876,2,0
451239,1.00000251171512e+18,63875743302605,0.013,1.438,-0.003,0.033,-0.252,0.033,0.967,NaN,0.227,-0.119,0.966,0,0,0,63.85,NaN,0.227,-0.119,0.966,-0.032,0,0,0.632,3.988,6.314,0.872,NaN,0.227,-0.119,0.966,0.032,0,0,0.613,3.894,6.354,0.875,2,0
451240,1.00000251172014e+18,63875743302605,0.013,1.438,-0.003,0.033,-0.252,0.033,0.967,NaN,0.229,-0.109,0.967,0,0,0,63.85,NaN,0.229,-0.109,0.967,-0.032,0,0,0.635,4.009,6.314,0.872,NaN,0.229,-0.109,0.967,0.032,0,0,0.613,3.895,6.354,0.875,2,0
451241,1.00000251172517e+18,63875743302616,0.013,1.438,-0.003,0.033,-0.253,0.033,0.966,NaN,0.23,-0.096,0.969,0,0,0,63.85,NaN,0.23,-0.096,0.969,-0.032,0,0,0.639,4.034,6.314,0.871,NaN,0.23,-0.096,0.969,0.032,0,0,0.613,3.895,6.354,0.876,2,0
451242,1.0000025117302e+18,63875743302616,0.013,1.438,-0.003,0.033,-0.253,0.033,0.966,NaN,0.23,-0.084,0.97,0,0,0,63.85,NaN,0.23,-0.084,0.97,-0.032,0,0,0.642,4.056,6.314,0.871,NaN,0.23,-0.084,0.97,0.032,0,0,0.613,3.895,6.354,0.876,2,0
451243,1.00000251173519e+18,63875743302627,0.013,1.438,-0.003,0.033,-0.253,0.033,0.966,NaN,0.23,-0.074,0.97,0,0,0,63.85,NaN,0.23,-0.074,0.97,-0.032,0,0,0.645,4.072,6.314,0.87,NaN,0.23,-0.074,0.97,0.032,0,0,0.613,3.895,6.354,0.876,2,0
451244,1.00000251174022e+18,63875743302627,0.013,1.438,-0.003,0.033,-0.253,0.033,0.966,NaN,0.23,-0.067,0.971,0,0,0,63.85,NaN,0.23,-0.067,0.971,-0.032,0,0,0.646,4.08,6.314,0.87,NaN,0.23,-0.067,0.971,0.032,0,0,0.613,3.896,6.354,0.876,2,0
451245,1.00000251174512e+18,63875743302638,0.013,1.438,-0.003,0.033,-0.253,0.033,0.966,NaN,0.231,-0.066,0.971,0,0,0,63.85,NaN,0.231,-0.066,0.971,-0.032,0,0,0.648,4.094,6.314,0.87,NaN,0.231,-0.066,0.971,0.032,0,0,0.613,3.896,6.354,0.877,2,0
451246,1.00000251175015e+18,63875743302638,0.013,1.438,-0.003,0.033,-0.253,0.033,0.966,NaN,0.232,-0.065,0.971,0,0,0,63.85,NaN,0.232,-0.065,0.971,-0.032,0,0,0.648,4.094,6.314,0.87,NaN,0.232,-0.065,0.971,0.032,0,0,0.613,3.896,6.354,0.878,2,0
451247,1.00000251175516e+18,63875743302649,0.013,1.438,-0.003,0.033,-0.253,0.033,0.966,NaN,0.232,-0.065,0.971,0,0,0,63.85,NaN,0.232,-0.065,0.971,-0.032,0,0,0.647,4.087,6.314,0.87,NaN,0.232,-0.065,0.971,0.032,0,0,0.613,3.896,6.354,0.879,2,0
451248,1.00000251176019e+18,63875743302649,0.013,1.438,-0.003,0.033,-0.253,0.033,0.966,NaN,0.233,-0.064,0.97,0,0,0,63.85,NaN,0.233,-0.064,0.97,-0.032,0,0,0.644,4.066,6.314,0.87,NaN,0.233,-0.064,0.97,0.032,0,0,0.613,3.896,6.354,0.879,2,0
451249,1.00000251176522e+18,63875743302661,0.013,1.438,-0.004,0.033,-0.253,0.033,0.966,NaN,0.233,-0.065,0.97,0,0,0,63.85,NaN,0.233,-0.065,0.97,-0.032,0,0,0.638,4.031,6.314,0.87,NaN,0.233,-0.065,0.97,0.032,0,0,0.613,3.895,6.354,0.881,2,0
451250,1.00000251177026e+18,63875743302661,0.013,1.438,-0.004,0.033,-0.253,0.033,0.966,NaN,0.234,-0.065,0.97,0,0,0,63.85,NaN,0.234,-0.065,0.97,-0.032,0,0,0.635,4.006,6.314,0.87,NaN,0.234,-0.065,0.97,0.032,0,0,0.613,3.895,6.354,0.882,2,0
451251,1.00000251177529e+18,63875743302672,0.013,1.438,-0.004,0.033,-0.253,0.033,0.966,NaN,0.235,-0.066,0.97,0,0,0,63.85,NaN,0.235,-0.066,0.97,-0.032,0,0,0.631,3.985,6.314,0.87,NaN,0.235,-0.066,0.97,0.032,0,0,0.613,3.895,6.354,0.884,2,0
451252,1.00000251178033e+18,63875743302672,0.013,1.438,-0.004,0.033,-0.253,0.033,0.966,NaN,0.235,-0.066,0.97,0,0,0,63.85,NaN,0.235,-0.066,0.97,-0.032,0,0,0.628,3.966,6.314,0.871,NaN,0.235,-0.066,0.97,0.032,0,0,0.613,3.894,6.354,0.885,2,0
451253,1.00000251178536e+18,63875743302672,0.013,1.438,-0.004,0.033,-0.253,0.033,0.966,NaN,0.236,-0.067,0.97,0,0,0,63.85,NaN,0.236,-0.067,0.97,-0.032,0,0,0.624,3.937,6.314,0.871,NaN,0.236,-0.067,0.97,0.032,0,0,0.613,3.893,6.354,0.887,2,0
451254,1.00000251179025e+18,63875743302681,0.013,1.438,-0.004,0.033,-0.253,0.033,0.966,NaN,0.235,-0.065,0.97,0,0,0,63.85,NaN,0.235,-0.065,0.97,-0.032,0,0,0.624,3.939,6.314,0.871,NaN,0.235,-0.065,0.97,0.032,0,0,0.612,3.891,6.354,0.888,2,0
451255,1.00000251179525e+18,63875743302681,0.013,1.438,-0.004,0.033,-0.253,0.033,0.966,NaN,0.234,-0.064,0.97,0,0,0,63.85,NaN,0.234,-0.064,0.97,-0.032,0,0,0.627,3.959,6.314,0.872,NaN,0.234,-0.064,0.97,0.032,0,0,0.612,3.891,6.354,0.89,2,0
451256,1.00000251180027e+18,63875743302692,0.013,1.438,-0.004,0.033,-0.253,0.034,0.966,NaN,0.233,-0.063,0.97,0,0,0,63.85,NaN,0.233,-0.063,0.97,-0.032,0,0,0.632,3.991,6.314,0.872,NaN,0.233,-0.063,0.97,0.032,0,0,0.612,3.89,6.354,0.891,2,0
451257,1.00000251180528e+18,63875743302692,0.013,1.438,-0.004,0.033,-0.253,0.034,0.966,NaN,0.233,-0.063,0.97,0,0,0,63.85,NaN,0.233,-0.063,0.97,-0.032,0,0,0.638,4.029,6.314,0.873,NaN,0.233,-0.063,0.97,0.032,0,0,0.612,3.889,6.354,0.893,2,0
451258,1.00000251181031e+18,63875743302704,0.013,1.438,-0.004,0.033,-0.253,0.034,0.966,NaN,0.233,-0.06,0.971,0,0,0,63.85,NaN,0.233,-0.06,0.971,-0.032,0,0,0.644,4.063,6.314,0.873,NaN,0.233,-0.06,0.971,0.032,0,0,0.612,3.889,6.354,0.894,2,0
451259,1.00000251181537e+18,63875743302704,0.013,1.438,-0.004,0.033,-0.253,0.034,0.966,NaN,0.232,-0.057,0.971,0,0,0,63.85,NaN,0.232,-0.057,0.971,-0.032,0,0,0.644,4.069,6.314,0.874,NaN,0.232,-0.057,0.971,0.032,0,0,0.612,3.888,6.354,0.895,2,0
451260,1.00000251182039e+18,63875743302715,0.013,1.438,-0.004,0.033,-0.253,0.034,0.966,NaN,0.231,-0.055,0.971,0,0,0,63.85,NaN,0.231,-0.055,0.971,-0.032,0,0,0.645,4.071,6.314,0.874,NaN,0.231,-0.055,0.971,0.032,0,0,0.612,3.888,6.354,0.897,2,0.1321559
451261,1.00000251182541e+18,63875743302715,0.013,1.438,-0.004,0.033,-0.253,0.034,0.966,NaN,0.23,-0.054,0.972,0,0,0,63.85,NaN,0.23,-0.054,0.972,-0.032,0,0,0.645,4.071,6.314,0.875,NaN,0.23,-0.054,0.972,0.032,0,0,0.612,3.888,6.354,0.898,2,0.1857563
451262,1.00000251183044e+18,63875743302726,0.013,1.438,-0.004,0.033,-0.253,0.034,0.966,NaN,0.229,-0.052,0.972,0,0,0,63.85,NaN,0.229,-0.052,0.972,-0.032,0,0,0.645,4.073,6.314,0.876,NaN,0.229,-0.052,0.972,0.032,0,0,0.612,3.887,6.354,0.899,2,0.2096573
451263,1.00000251183546e+18,63875743302726,0.013,1.438,-0.004,0.033,-0.253,0.034,0.966,NaN,0.228,-0.051,0.972,0,0,0,63.85,NaN,0.228,-0.051,0.972,-0.032,0,0,0.646,4.077,6.314,0.877,NaN,0.228,-0.051,0.972,0.032,0,0,0.612,3.887,6.354,0.9,2,0.2037652
451264,1.00000251184047e+18,63875743302726,0.013,1.438,-0.004,0.033,-0.253,0.034,0.966,NaN,0.227,-0.051,0.973,0,0,0,63.85,NaN,0.227,-0.051,0.973,-0.032,0,0,0.647,4.082,6.314,0.878,NaN,0.227,-0.051,0.973,0.032,0,0,0.612,3.887,6.354,0.901,2,0.4577615
451265,1.00000251184538e+18,63875743302737,0.013,1.438,-0.004,0.033,-0.253,0.034,0.966,NaN,0.225,-0.05,0.973,0,0,0,63.85,NaN,0.225,-0.05,0.973,-0.032,0,0,0.647,4.085,6.314,0.879,NaN,0.225,-0.05,0.973,0.032,0,0,0.612,3.887,6.354,0.902,2,0.4427031
451266,1.00000251185039e+18,63875743302737,0.013,1.438,-0.004,0.033,-0.253,0.034,0.966,NaN,0.224,-0.05,0.973,0,0,0,63.85,NaN,0.224,-0.05,0.973,-0.032,0,0,0.647,4.086,6.314,0.88,NaN,0.224,-0.05,0.973,0.032,0,0,0.612,3.887,6.354,0.903,2,0.4395909
451267,1.00000251185541e+18,63875743302748,0.013,1.438,-0.004,0.033,-0.253,0.034,0.966,NaN,0.221,-0.045,0.974,0,0,0,63.85,NaN,0.221,-0.045,0.974,-0.032,0,0,0.648,4.09,6.314,0.881,NaN,0.221,-0.045,0.974,0.032,0,0,0.612,3.886,6.354,0.904,2,0.04443969
451268,1.00000251186042e+18,63875743302759,0.013,1.438,-0.004,0.033,-0.253,0.034,0.966,NaN,0.218,-0.042,0.975,0,0,0,63.85,NaN,0.218,-0.042,0.975,-0.032,0,0,0.648,4.093,6.314,0.881,NaN,0.218,-0.042,0.975,0.032,0,0,0.611,3.884,6.354,0.905,2,0.1116065
451269,1.00000251186544e+18,63875743302770,0.012,1.438,-0.004,0.033,-0.253,0.034,0.966,NaN,0.215,-0.039,0.976,0,0,0,63.85,NaN,0.215,-0.039,0.976,-0.032,0,0,0.648,4.094,6.314,0.883,NaN,0.215,-0.039,0.976,0.032,0,0,0.611,3.881,6.354,0.906,2,0.1136297
451270,1.00000251187044e+18,63875743302770,0.012,1.438,-0.004,0.033,-0.253,0.034,0.966,NaN,0.213,-0.036,0.976,0,0,0,63.85,NaN,0.213,-0.036,0.976,-0.032,0,0,0.648,4.094,6.314,0.883,NaN,0.213,-0.036,0.976,0.032,0,0,0.61,3.878,6.354,0.906,2,0.1152457
451271,1.00000251187546e+18,63875743302770,0.012,1.438,-0.004,0.033,-0.253,0.034,0.966,NaN,0.21,-0.035,0.977,0,0,0,63.85,NaN,0.21,-0.035,0.977,-0.032,0,0,0.648,4.092,6.314,0.884,NaN,0.21,-0.035,0.977,0.032,0,0,0.61,3.876,6.354,0.907,2,0.1443679
451272,1.00000251188047e+18,63875743302782,0.012,1.438,-0.004,0.033,-0.253,0.034,0.966,NaN,0.208,-0.033,0.977,0,0,0,63.85,NaN,0.208,-0.033,0.977,-0.032,0,0,0.647,4.087,6.314,0.885,NaN,0.208,-0.033,0.977,0.032,0,0,0.61,3.874,6.354,0.908,2,0.1549908
451273,1.00000251188549e+18,63875743302782,0.012,1.438,-0.004,0.033,-0.253,0.034,0.966,NaN,0.207,-0.032,0.978,0,0,0,63.85,NaN,0.207,-0.032,0.978,-0.032,0,0,0.647,4.087,6.314,0.885,NaN,0.207,-0.032,0.978,0.032,0,0,0.61,3.874,6.354,0.908,2,0.4049675
451274,1.0000025118905e+18,63875743302782,0.012,1.438,-0.004,0.033,-0.253,0.034,0.966,NaN,0.208,-0.034,0.978,0,0,0,63.85,NaN,0.208,-0.034,0.978,-0.032,0,0,0.647,4.087,6.314,0.886,NaN,0.208,-0.034,0.978,0.032,0,0,0.61,3.873,6.354,0.908,2,0.02410061
451275,1.00000251189551e+18,63875743302795,0.012,1.438,-0.004,0.033,-0.253,0.034,0.966,NaN,0.207,-0.033,0.978,0,0,0,63.85,NaN,0.207,-0.033,0.978,-0.032,0,0,0.647,4.086,6.314,0.887,NaN,0.207,-0.033,0.978,0.032,0,0,0.61,3.873,6.354,0.909,2,0
451276,1.00000251190051e+18,63875743302795,0.012,1.438,-0.004,0.033,-0.253,0.034,0.966,NaN,0.205,-0.033,0.978,0,0,0,63.85,NaN,0.205,-0.033,0.978,-0.032,0,0,0.647,4.084,6.314,0.887,NaN,0.205,-0.033,0.978,0.032,0,0,0.61,3.873,6.354,0.909,2,0
451277,1.00000251190552e+18,63875743302795,0.012,1.438,-0.004,0.033,-0.253,0.034,0.966,NaN,0.204,-0.032,0.978,0,0,0,63.85,NaN,0.204,-0.032,0.978,-0.032,0,0,0.646,4.081,6.314,0.887,NaN,0.204,-0.032,0.978,0.032,0,0,0.61,3.874,6.354,0.91,2,0
451278,1.00000251191054e+18,63875743302805,0.012,1.438,-0.004,0.033,-0.253,0.034,0.966,NaN,0.203,-0.032,0.979,0,0,0,63.85,NaN,0.203,-0.032,0.979,-0.032,0,0,0.646,4.076,6.314,0.888,NaN,0.203,-0.032,0.979,0.032,0,0,0.61,3.874,6.354,0.91,2,0
451279,1.00000251191554e+18,63875743302806,0.012,1.438,-0.004,0.033,-0.253,0.034,0.966,NaN,0.202,-0.031,0.979,0,0,0,63.85,NaN,0.202,-0.031,0.979,-0.032,0,0,0.645,4.071,6.314,0.888,NaN,0.202,-0.031,0.979,0.032,0,0,0.61,3.874,6.354,0.91,2,0
451280,1.00000251192056e+18,63875743302816,0.012,1.438,-0.004,0.033,-0.253,0.034,0.966,NaN,0.201,-0.031,0.979,0,0,0,63.85,NaN,0.201,-0.031,0.979,-0.032,0,0,0.644,4.068,6.314,0.889,NaN,0.201,-0.031,0.979,0.032,0,0,0.61,3.874,6.354,0.911,2,0
451281,1.00000251192557e+18,63875743302816,0.012,1.438,-0.004,0.033,-0.253,0.034,0.966,NaN,0.201,-0.031,0.979,0,0,0,63.85,NaN,0.201,-0.031,0.979,-0.032,0,0,0.645,4.071,6.314,0.889,NaN,0.201,-0.031,0.979,0.032,0,0,0.61,3.874,6.354,0.911,2,0
451282,1.00000251193059e+18,63875743302816,0.012,1.438,-0.004,0.033,-0.253,0.034,0.966,NaN,0.2,-0.031,0.979,0,0,0,63.85,NaN,0.2,-0.031,0.979,-0.032,0,0,0.646,4.078,6.314,0.89,NaN,0.2,-0.031,0.979,0.032,0,0,0.61,3.875,6.354,0.911,2,0
451283,1.00000251193561e+18,63875743302827,0.012,1.438,-0.004,0.033,-0.253,0.034,0.966,NaN,0.2,-0.031,0.979,0,0,0,63.85,NaN,0.2,-0.031,0.979,-0.032,0,0,0.645,4.072,6.314,0.89,NaN,0.2,-0.031,0.979,0.032,0,0,0.61,3.876,6.354,0.911,2,0
451284,1.00000251194063e+18,63875743302827,0.012,1.438,-0.004,0.033,-0.253,0.034,0.966,NaN,0.199,-0.031,0.979,0,0,0,63.85,NaN,0.199,-0.031,0.979,-0.032,0,0,0.642,4.052,6.314,0.891,NaN,0.199,-0.031,0.979,0.032,0,0,0.61,3.877,6.354,0.912,2,0
451285,1.00000251194564e+18,63875743302838,0.012,1.438,-0.004,0.033,-0.253,0.034,0.966,NaN,0.199,-0.031,0.98,0,0,0,63.85,NaN,0.199,-0.031,0.98,-0.032,0,0,0.641,4.045,6.314,0.892,NaN,0.199,-0.031,0.98,0.032,0,0,0.61,3.877,6.354,0.912,2,0
451286,1.00000251195066e+18,63875743302838,0.012,1.438,-0.004,0.033,-0.253,0.034,0.966,NaN,0.198,-0.031,0.98,0,0,0,63.85,NaN,0.198,-0.031,0.98,-0.032,0,0,0.64,4.042,6.314,0.892,NaN,0.198,-0.031,0.98,0.032,0,0,0.61,3.878,6.354,0.912,2,0.2894276
451287,1.00000251195568e+18,63875743302849,0.012,1.438,-0.004,0.034,-0.253,0.034,0.966,NaN,0.198,-0.031,0.98,0,0,0,63.85,NaN,0.198,-0.031,0.98,-0.032,0,0,0.64,4.039,6.314,0.893,NaN,0.198,-0.031,0.98,0.032,0,0,0.61,3.879,6.354,0.913,2,0.2886234
451288,1.00000251196069e+18,63875743302849,0.012,1.438,-0.004,0.034,-0.253,0.034,0.966,NaN,0.197,-0.031,0.98,0,0,0,63.85,NaN,0.197,-0.031,0.98,-0.032,0,0,0.639,4.034,6.314,0.893,NaN,0.197,-0.031,0.98,0.032,0,0,0.611,3.88,6.354,0.913,2,0.2887435
451289,1.00000251196571e+18,63875743302860,0.012,1.438,-0.004,0.034,-0.253,0.034,0.966,NaN,0.197,-0.031,0.98,0,0,0,63.85,NaN,0.197,-0.031,0.98,-0.032,0,0,0.639,4.033,6.314,0.894,NaN,0.197,-0.031,0.98,0.032,0,0,0.611,3.881,6.354,0.913,2,0.2869099
451290,1.00000251197073e+18,63875743302861,0.012,1.438,-0.004,0.034,-0.253,0.034,0.966,NaN,0.196,-0.03,0.98,0,0,0,63.85,NaN,0.196,-0.03,0.98,-0.032,0,0,0.639,4.033,6.314,0.894,NaN,0.196,-0.03,0.98,0.032,0,0,0.611,3.882,6.354,0.913,2,0.283114
451291,1.00000251197571e+18,63875743302871,0.012,1.438,-0.004,0.034,-0.253,0.034,0.966,NaN,0.196,-0.03,0.98,0,0,0,63.85,NaN,0.196,-0.03,0.98,-0.032,0,0,0.639,4.033,6.314,0.894,NaN,0.196,-0.03,0.98,0.032,0,0,0.611,3.883,6.354,0.913,2,0.2648767
451292,1.00000251198068e+18,63875743302871,0.012,1.438,-0.004,0.034,-0.253,0.034,0.966,NaN,0.197,-0.031,0.98,0,0,0,63.85,NaN,0.197,-0.031,0.98,-0.032,0,0,0.639,4.033,6.314,0.894,NaN,0.197,-0.031,0.98,0.032,0,0,0.611,3.885,6.354,0.913,2,0
451293,1.0000025119857e+18,63875743302871,0.012,1.438,-0.004,0.034,-0.253,0.034,0.966,NaN,0.198,-0.032,0.98,0,0,0,63.85,NaN,0.198,-0.032,0.98,-0.032,0,0,0.639,4.033,6.314,0.894,NaN,0.198,-0.032,0.98,0.032,0,0,0.612,3.887,6.354,0.913,2,0.2654237
451294,1.00000251199073e+18,63875743302883,0.012,1.438,-0.004,0.034,-0.253,0.034,0.966,NaN,0.199,-0.034,0.979,0,0,0,63.85,NaN,0.199,-0.034,0.979,-0.032,0,0,0.636,4.014,6.314,0.894,NaN,0.199,-0.034,0.979,0.032,0,0,0.612,3.889,6.354,0.913,2,0.3127783
451295,1.00000251199575e+18,63875743302883,0.012,1.438,-0.004,0.034,-0.253,0.034,0.966,NaN,0.199,-0.036,0.979,0,0,0,63.85,NaN,0.199,-0.036,0.979,-0.032,0,0,0.636,4.014,6.314,0.894,NaN,0.199,-0.036,0.979,0.032,0,0,0.612,3.891,6.354,0.912,2,0
451296,1.00000251200077e+18,63875743302894,0.012,1.438,-0.004,0.034,-0.253,0.034,0.966,NaN,0.2,-0.039,0.979,0,0,0,63.85,NaN,0.2,-0.039,0.979,-0.032,0,0,0.635,4.01,6.314,0.893,NaN,0.2,-0.039,0.979,0.032,0,0,0.613,3.895,6.354,0.911,2,0
451297,1.00000251200577e+18,63875743302894,0.012,1.438,-0.004,0.034,-0.253,0.034,0.966,NaN,0.2,-0.044,0.979,0,0,0,63.85,NaN,0.2,-0.044,0.979,-0.032,0,0,0.63,3.978,6.314,0.889,NaN,0.2,-0.044,0.979,0.032,0,0,0.614,3.898,6.354,0.907,2,0
451298,1.00000251201079e+18,63875743302904,0.012,1.438,-0.004,0.034,-0.253,0.034,0.966,NaN,0.2,-0.046,0.979,0,0,0,63.85,NaN,0.2,-0.046,0.979,-0.032,0,0,0.625,3.947,6.314,0.883,NaN,0.2,-0.046,0.979,0.032,0,0,0.615,3.907,6.354,0.901,2,0
451299,1.0000025120158e+18,63875743302904,0.012,1.438,-0.004,0.034,-0.253,0.034,0.966,NaN,0.2,-0.047,0.979,0,0,0,63.85,NaN,0.2,-0.047,0.979,-0.032,0,0,0.625,3.947,6.314,0.872,NaN,0.2,-0.047,0.979,0.032,0,0,0.617,3.921,6.354,0.895,2,0
451300,1.00000251202082e+18,63875743302916,0.012,1.438,-0.004,0.034,-0.253,0.034,0.966,NaN,0.2,-0.049,0.979,0,0,0,63.85,NaN,0.2,-0.049,0.979,-0.032,0,0,0.625,3.944,6.314,0.857,NaN,0.2,-0.049,0.979,0.032,0,0,0.628,3.993,6.354,0.88,2,0
451301,1.00000251202583e+18,63875743302916,0.012,1.438,-0.004,0.034,-0.253,0.034,0.966,NaN,0.201,-0.052,0.978,0,0,0,63.85,NaN,0.201,-0.052,0.978,-0.032,0,0,0.625,3.944,6.314,0.836,NaN,0.201,-0.052,0.978,0.032,0,0,0.628,3.99,6.354,0.862,2,0
451302,1.00000251203084e+18,63875743302916,0.012,1.438,-0.004,0.034,-0.253,0.034,0.966,NaN,0.2,-0.055,0.978,0,0,0,63.85,NaN,0.2,-0.055,0.978,-0.032,0,0,0.637,4.025,6.314,0.833,NaN,0.2,-0.055,0.978,0.032,0,0,0.625,3.973,6.354,0.836,2,0
451303,1.00000251203584e+18,63875743302927,0.012,1.438,-0.004,0.034,-0.253,0.034,0.966,NaN,0.199,-0.071,0.977,0,0,0,63.85,NaN,0.199,-0.071,0.977,-0.032,0,0,0.643,4.059,6.314,0.824,NaN,0.199,-0.071,0.977,0.032,0,0,0.592,3.76,6.354,0.802,2,0
451304,1.00000251204085e+18,63875743302927,0.012,1.438,-0.004,0.034,-0.253,0.034,0.966,NaN,0.196,-0.092,0.976,0,0,0,63.85,NaN,0.196,-0.092,0.976,-0.032,0,0,0.616,3.892,6.314,0.809,NaN,0.196,-0.092,0.976,0.032,0,0,0.568,3.61,6.354,0.76,2,0
451305,1.00000251204585e+18,63875743302939,0.012,1.438,-0.004,0.034,-0.253,0.034,0.966,NaN,0.194,-0.182,0.964,0,0,0,63.85,NaN,0.197,-0.091,0.976,-0.032,0,0,0.573,3.619,6.314,0.788,NaN,0.194,-0.182,0.964,0.032,0,0,0.537,3.409,6.354,0.726,0.02282047,0
451306,1.00000251205086e+18,63875743302939,0.012,1.438,-0.004,0.034,-0.253,0.034,0.966,NaN,0.191,-0.25,0.949,0,0,0,63.85,NaN,0.199,-0.097,0.975,-0.032,0,0,0.554,3.5,6.314,0.763,NaN,0.191,-0.25,0.949,0.032,0,0,0.523,3.322,6.354,0.693,0.02222312,0
451307,1.00000251205589e+18,63875743302949,0.012,1.438,-0.004,0.034,-0.253,0.034,0.966,NaN,0.187,-0.304,0.934,0,0,0,63.85,NaN,0.207,-0.107,0.972,-0.032,0,0,0.508,3.207,6.314,0.739,NaN,0.187,-0.304,0.934,0.032,0,0,0.479,3.045,6.354,0.665,0.03108177,0
451308,1.00000251206088e+18,63875743302949,0.012,1.438,-0.004,0.034,-0.253,0.034,0.966,NaN,0.186,-0.321,0.929,0,0,0,63.85,NaN,0.22,-0.119,0.968,-0.032,0,0,0.487,3.072,6.314,0.72,NaN,0.186,-0.321,0.929,0.032,0,0,0.469,2.982,6.354,0.643,0.05081953,0
451309,1.00000251206589e+18,63875743302961,0.012,1.438,-0.004,0.034,-0.253,0.034,0.966,NaN,0.184,-0.33,0.926,0,0,0,63.85,NaN,0.233,-0.128,0.964,-0.032,0,0,0.484,3.054,6.314,0.705,NaN,0.184,-0.33,0.926,0.032,0,0,0.466,2.961,6.354,0.629,0.07027582,0
451310,1.00000251207089e+18,63875743302961,0.012,1.438,-0.004,0.034,-0.253,0.034,0.966,NaN,0.184,-0.346,0.92,0,0,0,63.85,NaN,0.245,-0.135,0.96,-0.032,0,0,0.483,3.048,6.314,0.697,NaN,0.184,-0.346,0.92,0.032,0,0,0.469,2.978,6.354,0.622,0.07771726,0
451311,1.00000251207592e+18,63875743302972,0.012,1.438,-0.004,0.034,-0.253,0.035,0.966,NaN,0.185,-0.354,0.917,0,0,0,63.85,NaN,0.255,-0.14,0.957,-0.032,0,0,0.483,3.048,6.314,0.693,NaN,0.185,-0.354,0.917,0.032,0,0,0.471,2.992,6.354,0.62,0.08509039,0
451312,1.00000251208091e+18,63875743302972,0.012,1.438,-0.004,0.034,-0.253,0.035,0.966,NaN,0.186,-0.352,0.917,0,0,0,63.85,NaN,0.264,-0.142,0.954,-0.032,0,0,0.488,3.082,6.314,0.692,NaN,0.186,-0.352,0.917,0.032,0,0,0.473,3.006,6.354,0.621,0.09490018,0
451313,1.00000251208599e+18,63875743302972,0.012,1.438,-0.004,0.034,-0.253,0.035,0.966,NaN,0.19,-0.362,0.913,0,0,0,63.85,NaN,0.271,-0.142,0.952,-0.032,0,0,0.492,3.109,6.314,0.694,NaN,0.19,-0.362,0.913,0.032,0,0,0.475,3.021,6.354,0.624,0.09096373,0
451314,1.00000251209098e+18,63875743302982,0.012,1.438,-0.004,0.034,-0.253,0.035,0.966,NaN,0.197,-0.313,0.929,0,0,0,63.85,NaN,0.261,-0.159,0.952,-0.032,0,0,0.494,3.117,6.314,0.697,NaN,0.197,-0.313,0.929,0.032,0,0,0.478,3.038,6.354,0.627,0.1416862,0
451315,1.00000251209596e+18,63875743302982,0.012,1.438,-0.004,0.034,-0.253,0.035,0.966,NaN,0.203,-0.289,0.936,0,0,0,63.85,NaN,0.255,-0.168,0.952,-0.032,0,0,0.494,3.116,6.314,0.698,NaN,0.203,-0.289,0.936,0.032,0,0,0.479,3.045,6.354,0.63,0.1873492,0
451316,1.00000251210097e+18,63875743302994,0.012,1.438,-0.004,0.034,-0.253,0.035,0.966,NaN,0.209,-0.279,0.937,0,0,0,63.85,NaN,0.252,-0.174,0.952,-0.032,0,0,0.493,3.11,6.314,0.7,NaN,0.209,-0.279,0.937,0.032,0,0,0.48,3.052,6.354,0.632,0.2087556,0
451317,1.00000251210598e+18,63875743302994,0.012,1.438,-0.004,0.034,-0.253,0.035,0.966,NaN,0.216,-0.271,0.938,0,0,0,63.85,NaN,0.251,-0.176,0.952,-0.032,0,0,0.494,3.116,6.314,0.702,NaN,0.216,-0.271,0.938,0.032,0,0,0.484,3.077,6.354,0.638,0.2133265,0
451318,1.00000251211104e+18,63875743303005,0.012,1.438,-0.004,0.034,-0.252,0.034,0.966,NaN,0.224,-0.267,0.937,0,0,0,63.85,NaN,0.253,-0.195,0.948,-0.032,0,0,0.538,3.397,6.314,0.708,NaN,0.222,-0.267,0.938,0.032,0,0,0.489,3.106,6.354,0.648,0.3131894,0
451319,1.00000251211605e+18,63875743303005,0.012,1.438,-0.004,0.034,-0.252,0.034,0.966,NaN,0.226,-0.263,0.938,0,0,0,63.85,NaN,0.249,-0.209,0.946,-0.032,0,0,0.553,3.49,6.314,0.714,NaN,0.224,-0.263,0.938,0.032,0,0,0.491,3.119,6.354,0.66,0.4427736,0
451320,1.00000251212106e+18,63875743303016,0.012,1.438,-0.004,0.034,-0.253,0.035,0.966,NaN,0.229,-0.231,0.946,0,0,0,63.85,NaN,0.248,-0.189,0.95,-0.032,0,0,0.557,3.518,6.314,0.723,NaN,0.228,-0.231,0.946,0.032,0,0,0.492,3.124,6.354,0.673,2,0
451321,1.00000251212607e+18,63875743303016,0.012,1.438,-0.004,0.034,-0.253,0.035,0.966,NaN,0.234,-0.166,0.958,0,0,0,63.85,NaN,0.248,-0.172,0.953,-0.032,0,0,0.594,3.75,6.314,0.734,NaN,0.233,-0.166,0.958,0.032,0,0,0.492,3.124,6.354,0.688,2,0
451322,1.00000251213108e+18,63875743303016,0.012,1.438,-0.004,0.034,-0.253,0.035,0.966,NaN,0.234,-0.15,0.961,0,0,0,63.85,NaN,0.247,-0.169,0.954,-0.032,0,0,0.609,3.842,6.314,0.745,NaN,0.233,-0.15,0.961,0.032,0,0,0.487,3.093,6.354,0.704,2,0
451323,1.00000251213607e+18,63875743303027,0.012,1.438,-0.004,0.034,-0.252,0.035,0.966,NaN,0.237,-0.114,0.965,0,0,0,63.85,NaN,0.247,-0.155,0.956,-0.032,0,0,0.615,3.886,6.314,0.757,NaN,0.237,-0.114,0.965,0.032,0,0,0.6,3.814,6.354,0.718,2,0
451324,1.00000251214108e+18,63875743303028,0.012,1.438,-0.004,0.034,-0.252,0.035,0.966,NaN,0.239,-0.09,0.967,0,0,0,63.85,NaN,0.248,-0.134,0.959,-0.032,0,0,0.627,3.962,6.314,0.776,NaN,0.239,-0.09,0.967,0.032,0,0,0.607,3.856,6.354,0.731,2,0
451325,1.00000251214609e+18,63875743303038,0.011,1.437,-0.004,0.034,-0.252,0.035,0.966,NaN,0.244,-0.085,0.966,0,0,0,63.85,NaN,0.249,-0.121,0.961,-0.032,0,0,0.632,3.99,6.314,0.792,NaN,0.244,-0.085,0.966,0.032,0,0,0.61,3.873,6.354,0.745,2,0
451326,1.0000025121511e+18,63875743303039,0.011,1.437,-0.004,0.034,-0.252,0.035,0.966,NaN,0.245,-0.069,0.967,0,0,0,63.85,NaN,0.25,-0.099,0.963,-0.032,0,0,0.635,4.009,6.314,0.812,NaN,0.245,-0.069,0.967,0.032,0,0,0.612,3.891,6.354,0.757,2,0
451327,1.00000251215611e+18,63875743303050,0.011,1.437,-0.004,0.034,-0.252,0.035,0.966,NaN,0.247,-0.056,0.967,0,0,0,63.85,NaN,0.251,-0.08,0.965,-0.032,0,0,0.64,4.041,6.314,0.827,NaN,0.247,-0.056,0.967,0.032,0,0,0.616,3.917,6.354,0.769,2,0
451328,1.00000251216113e+18,63875743303050,0.011,1.437,-0.004,0.034,-0.252,0.035,0.966,NaN,0.253,-0.055,0.966,0,0,0,63.85,NaN,0.253,-0.072,0.965,-0.032,0,0,0.641,4.049,6.314,0.839,NaN,0.252,-0.055,0.966,0.032,0,0,0.619,3.936,6.354,0.781,2,0
451329,1.00000251216615e+18,63875743303061,0.011,1.437,-0.003,0.034,-0.252,0.035,0.967,NaN,0.254,-0.041,0.966,0,0,0,63.85,NaN,0.254,-0.055,0.966,-0.032,0,0,0.645,4.074,6.314,0.85,NaN,0.254,-0.041,0.966,0.032,0,0,0.624,3.966,6.354,0.792,2,0
451330,1.00000251217117e+18,63875743303061,0.011,1.437,-0.003,0.034,-0.252,0.035,0.967,NaN,0.256,-0.029,0.966,0,0,0,63.85,NaN,0.255,-0.039,0.966,-0.032,0,0,0.655,4.134,6.314,0.861,NaN,0.256,-0.029,0.966,0.032,0,0,0.631,4.007,6.354,0.801,2,0
451331,1.00000251217619e+18,63875743303072,0.011,1.437,-0.003,0.034,-0.252,0.035,0.967,NaN,0.258,-0.018,0.966,0,0,0,63.85,NaN,0.256,-0.026,0.966,-0.032,0,0,0.657,4.147,6.314,0.871,NaN,0.258,-0.018,0.966,0.032,0,0,0.636,4.038,6.354,0.811,2,0
451332,1.0000025121812e+18,63875743303072,0.011,1.437,-0.003,0.034,-0.252,0.035,0.967,NaN,0.265,-0.018,0.964,0,0,0,63.85,NaN,0.261,-0.023,0.965,-0.032,0,0,0.657,4.146,6.314,0.88,NaN,0.265,-0.018,0.964,0.032,0,0,0.641,4.07,6.354,0.82,2,0
451333,1.0000025121862e+18,63875743303072,0.011,1.437,-0.003,0.034,-0.252,0.035,0.967,NaN,0.271,-0.015,0.962,0,0,0,63.85,NaN,0.267,-0.019,0.964,-0.032,0,0,0.656,4.141,6.314,0.89,NaN,0.271,-0.015,0.962,0.032,0,0,0.645,4.1,6.354,0.828,2,0
451334,1.00000251219122e+18,63875743303083,0.011,1.437,-0.003,0.034,-0.252,0.035,0.967,NaN,0.278,-0.011,0.961,0,0,0,63.85,NaN,0.272,-0.014,0.962,-0.032,0,0,0.653,4.126,6.314,0.897,NaN,0.278,-0.011,0.961,0.032,0,0,0.651,4.134,6.354,0.835,2,0
451335,1.00000251219624e+18,63875743303083,0.011,1.437,-0.003,0.034,-0.252,0.035,0.967,NaN,0.276,-0.009,0.961,0,0,0,63.85,NaN,0.272,-0.011,0.962,-0.032,0,0,0.652,4.118,6.314,0.905,NaN,0.276,-0.009,0.961,0.032,0,0,0.644,4.089,6.354,0.843,2,0
451336,1.00000251220123e+18,63875743303094,0.011,1.437,-0.003,0.034,-0.252,0.035,0.967,NaN,0.278,-0.015,0.96,0,0,0,63.85,NaN,0.275,-0.016,0.961,-0.032,0,0,0.65,4.105,6.314,0.907,NaN,0.278,-0.015,0.96,0.032,0,0,0.637,4.049,6.354,0.849,2,0
451337,1.00000251220625e+18,63875743303094,0.011,1.437,-0.003,0.034,-0.252,0.035,0.967,NaN,0.28,-0.02,0.96,0,0,0,63.85,NaN,0.277,-0.021,0.961,-0.032,0,0,0.649,4.1,6.314,0.914,NaN,0.28,-0.02,0.96,0.032,0,0,0.634,4.026,6.354,0.855,2,0
451338,1.00000251221126e+18,63875743303105,0.011,1.436,-0.003,0.034,-0.251,0.035,0.967,NaN,0.281,-0.023,0.959,0,0,0,63.85,NaN,0.278,-0.024,0.96,-0.032,0,0,0.649,4.1,6.314,0.92,NaN,0.281,-0.023,0.959,0.032,0,0,0.632,4.017,6.354,0.861,2,0
451339,1.00000251221628e+18,63875743303105,0.011,1.436,-0.003,0.034,-0.251,0.035,0.967,NaN,0.278,-0.02,0.96,0,0,0,63.85,NaN,0.277,-0.02,0.961,-0.032,0,0,0.65,4.105,6.314,0.925,NaN,0.278,-0.02,0.96,0.032,0,0,0.631,4.012,6.354,0.868,2,0
451340,1.0000025122213e+18,63875743303116,0.011,1.436,-0.003,0.034,-0.251,0.035,0.967,NaN,0.276,-0.018,0.961,0,0,0,63.85,NaN,0.275,-0.018,0.961,-0.032,0,0,0.651,4.109,6.314,0.929,NaN,0.276,-0.018,0.961,0.032,0,0,0.631,4.007,6.354,0.873,2,0
451341,1.00000251222632e+18,63875743303116,0.011,1.436,-0.003,0.034,-0.251,0.035,0.967,NaN,0.278,-0.022,0.96,0,0,0,63.85,NaN,0.276,-0.022,0.961,-0.032,0,0,0.652,4.115,6.314,0.933,NaN,0.278,-0.022,0.96,0.032,0,0,0.63,4.001,6.354,0.878,2,0
451342,1.00000251223136e+18,63875743303117,0.011,1.436,-0.003,0.034,-0.251,0.035,0.967,NaN,0.277,-0.02,0.961,0,0,0,63.85,NaN,0.276,-0.02,0.961,-0.032,0,0,0.652,4.12,6.314,0.938,NaN,0.277,-0.02,0.961,0.032,0,0,0.629,3.996,6.354,0.883,2,0
451343,1.00000251223637e+18,63875743303127,0.011,1.436,-0.003,0.034,-0.251,0.035,0.967,NaN,0.274,-0.015,0.961,0,0,0,63.85,NaN,0.274,-0.015,0.962,-0.032,0,0,0.654,4.132,6.314,0.933,NaN,0.274,-0.015,0.961,0.032,0,0,0.628,3.992,6.354,0.888,2,0
451344,1.00000251224139e+18,63875743303127,0.011,1.436,-0.003,0.034,-0.251,0.035,0.967,NaN,0.274,-0.016,0.961,0,0,0,63.85,NaN,0.274,-0.016,0.962,-0.032,0,0,0.654,4.132,6.314,0.931,NaN,0.274,-0.016,0.961,0.032,0,0,0.628,3.989,6.354,0.892,2,0
451345,1.00000251224638e+18,63875743303138,0.011,1.436,-0.003,0.034,-0.251,0.035,0.967,NaN,0.273,-0.012,0.962,0,0,0,63.85,NaN,0.272,-0.012,0.962,-0.032,0,0,0.654,4.132,6.314,0.929,NaN,0.273,-0.012,0.962,0.032,0,0,0.627,3.986,6.354,0.896,2,0
451346,1.00000251225139e+18,63875743303138,0.011,1.436,-0.003,0.034,-0.251,0.035,0.967,NaN,0.272,-0.009,0.962,0,0,0,63.85,NaN,0.272,-0.01,0.962,-0.032,0,0,0.655,4.138,6.314,0.925,NaN,0.272,-0.009,0.962,0.032,0,0,0.627,3.984,6.354,0.9,2,0
451347,1.0000025122564e+18,63875743303149,0.01,1.436,-0.002,0.034,-0.251,0.035,0.967,NaN,0.272,-0.012,0.962,0,0,0,63.85,NaN,0.272,-0.012,0.962,-0.032,0,0,0.656,4.143,6.314,0.923,NaN,0.272,-0.012,0.962,0.032,0,0,0.627,3.982,6.354,0.903,2,0
451348,1.00000251226137e+18,63875743303149,0.01,1.436,-0.002,0.034,-0.251,0.035,0.967,NaN,0.272,-0.013,0.962,0,0,0,63.85,NaN,0.272,-0.013,0.962,-0.032,0,0,0.656,4.141,6.314,0.92,NaN,0.272,-0.013,0.962,0.032,0,0,0.626,3.98,6.354,0.906,2,0
451349,1.00000251226639e+18,63875743303167,0.01,1.436,-0.002,0.034,-0.251,0.035,0.967,NaN,0.272,-0.014,0.962,0,0,0,63.85,NaN,0.272,-0.014,0.962,-0.032,0,0,0.656,4.14,6.314,0.918,NaN,0.272,-0.014,0.962,0.032,0,0,0.626,3.979,6.354,0.909,2,0
451350,1.00000251227142e+18,63875743303168,0.01,1.436,-0.002,0.034,-0.251,0.035,0.967,NaN,0.272,-0.015,0.962,0,0,0,63.85,NaN,0.272,-0.015,0.962,-0.032,0,0,0.655,4.133,6.314,0.916,NaN,0.272,-0.015,0.962,0.032,0,0,0.626,3.978,6.354,0.913,2,0
451351,1.00000251227644e+18,63875743303168,0.01,1.436,-0.002,0.034,-0.251,0.035,0.967,NaN,0.271,-0.016,0.962,0,0,0,63.85,NaN,0.271,-0.016,0.962,-0.032,0,0,0.652,4.116,6.314,0.915,NaN,0.271,-0.016,0.962,0.032,0,0,0.626,3.977,6.354,0.915,2,0
451352,1.00000251228145e+18,63875743303183,0.01,1.436,-0.002,0.034,-0.251,0.035,0.967,NaN,0.271,-0.017,0.962,0,0,0,63.85,NaN,0.271,-0.017,0.962,-0.032,0,0,0.649,4.1,6.314,0.912,NaN,0.271,-0.017,0.962,0.032,0,0,0.626,3.979,6.354,0.916,2,0
451353,1.00000251228646e+18,63875743303183,0.01,1.436,-0.002,0.034,-0.251,0.035,0.967,NaN,0.271,-0.019,0.962,0,0,0,63.85,NaN,0.271,-0.018,0.962,-0.032,0,0,0.65,4.103,6.314,0.911,NaN,0.271,-0.019,0.962,0.032,0,0,0.627,3.985,6.354,0.914,2,0
451354,1.00000251229147e+18,63875743303183,0.01,1.436,-0.002,0.034,-0.251,0.035,0.967,NaN,0.274,-0.019,0.962,0,0,0,63.85,NaN,0.273,-0.019,0.962,-0.032,0,0,0.649,4.101,6.314,0.91,NaN,0.274,-0.019,0.962,0.032,0,0,0.63,4.002,6.354,0.913,2,0
451355,1.00000251229648e+18,63875743303183,0.01,1.436,-0.002,0.034,-0.251,0.035,0.967,NaN,0.281,-0.02,0.96,0,0,0,63.85,NaN,0.28,-0.02,0.96,-0.032,0,0,0.651,4.111,6.314,0.909,NaN,0.281,-0.02,0.96,0.032,0,0,0.63,4.003,6.354,0.911,2,0
451356,1.00000251230152e+18,63875743303190,0.01,1.435,-0.002,0.034,-0.251,0.035,0.967,NaN,0.302,-0.019,0.953,0,0,0,63.85,NaN,0.301,-0.019,0.953,-0.032,0,0,0.649,4.1,6.314,0.908,NaN,0.302,-0.019,0.953,0.032,0,0,0.631,4.007,6.354,0.908,2,0
451357,1.00000251230665e+18,63875743303202,0.01,1.435,-0.002,0.034,-0.251,0.035,0.967,NaN,0.326,-0.019,0.945,0,0,0,63.85,NaN,0.325,-0.019,0.945,-0.032,0,0,0.647,4.085,6.314,0.908,NaN,0.326,-0.019,0.945,0.032,0,0,0.631,4.007,6.354,0.902,2,0
451358,1.00000251231166e+18,63875743303202,0.01,1.435,-0.002,0.034,-0.251,0.035,0.967,NaN,0.327,-0.019,0.945,0,0,0,63.85,NaN,0.326,-0.019,0.945,-0.032,0,0,0.647,4.086,6.314,0.908,NaN,0.327,-0.019,0.945,0.032,0,0,0.631,4.007,6.354,0.895,2,0
451359,1.00000251231652e+18,63875743303202,0.01,1.435,-0.002,0.034,-0.251,0.035,0.967,NaN,0.341,-0.019,0.94,0,0,0,63.85,NaN,0.341,-0.019,0.94,-0.032,0,0,0.648,4.092,6.314,0.908,NaN,0.341,-0.019,0.94,0.032,0,0,0.631,4.008,6.354,0.887,2,0
451360,1.00000251232153e+18,63875743303213,0.01,1.435,-0.002,0.034,-0.25,0.035,0.967,NaN,0.359,-0.018,0.933,0,0,0,63.85,NaN,0.359,-0.018,0.933,-0.032,0,0,0.648,4.093,6.314,0.907,NaN,0.359,-0.018,0.933,0.032,0,0,0.635,4.034,6.354,0.879,2,0
451361,1.00000251232654e+18,63875743303224,0.01,1.435,-0.002,0.034,-0.25,0.035,0.967,NaN,0.4,-0.017,0.916,0,0,0,63.85,NaN,0.4,-0.017,0.916,-0.032,0,0,0.65,4.103,6.314,0.907,NaN,0.4,-0.017,0.916,0.032,0,0,0.638,4.055,6.354,0.873,2,0
451362,1.00000251233155e+18,63875743303225,0.01,1.435,-0.002,0.034,-0.25,0.035,0.967,NaN,0.421,-0.017,0.907,0,0,0,63.85,NaN,0.421,-0.017,0.907,-0.032,0,0,0.65,4.107,6.314,0.907,NaN,0.421,-0.017,0.907,0.032,0,0,0.639,4.058,6.354,0.868,2,0
451363,1.00000251233657e+18,63875743303225,0.01,1.435,-0.002,0.034,-0.25,0.035,0.967,NaN,0.429,-0.016,0.903,0,0,0,63.85,NaN,0.429,-0.016,0.903,-0.032,0,0,0.659,4.161,6.314,0.908,NaN,0.429,-0.016,0.903,0.032,0,0,0.639,4.059,6.354,0.865,2,0
451364,1.00000251234158e+18,63875743303236,0.01,1.435,-0.001,0.033,-0.25,0.035,0.967,NaN,0.438,-0.013,0.899,0,0,0,63.85,NaN,0.438,-0.013,0.899,-0.032,0,0,0.665,4.196,6.314,0.908,NaN,0.438,-0.013,0.899,0.032,0,0,0.639,4.059,6.354,0.863,2,0
451365,1.0000025123466e+18,63875743303236,0.01,1.435,-0.001,0.033,-0.25,0.035,0.967,NaN,0.463,-0.007,0.887,0,0,0,63.85,NaN,0.463,-0.008,0.887,-0.032,0,0,0.677,4.277,6.314,0.91,NaN,0.463,-0.007,0.887,0.032,0,0,0.639,4.057,6.354,0.862,2,0
451366,1.00000251235162e+18,63875743303236,0.01,1.435,-0.001,0.033,-0.25,0.035,0.967,NaN,0.478,-0.002,0.878,0,0,0,63.85,NaN,0.478,-0.002,0.878,-0.032,0,0,0.689,4.351,6.314,0.913,NaN,0.478,-0.002,0.878,0.032,0,0,0.638,4.054,6.354,0.861,2,0
451367,1.00000251235663e+18,63875743303246,0.01,1.435,-0.001,0.033,-0.25,0.035,0.967,NaN,0.469,0.005,0.883,0,0,0,63.85,NaN,0.469,0.004,0.883,-0.032,0,0,0.695,4.386,6.314,0.914,NaN,0.469,0.005,0.883,0.032,0,0,0.638,4.053,6.354,0.86,2,0
451368,1.00000251236167e+18,63875743303246,0.01,1.435,-0.001,0.033,-0.25,0.035,0.967,NaN,0.468,0.009,0.884,0,0,0,63.85,NaN,0.468,0.009,0.884,-0.032,0,0,0.694,4.385,6.314,0.915,NaN,0.468,0.009,0.884,0.032,0,0,0.638,4.053,6.354,0.86,2,0
451369,1.00000251236669e+18,63875743303257,0.01,1.434,-0.001,0.033,-0.25,0.034,0.967,NaN,0.47,0.013,0.883,0,0,0,63.85,NaN,0.47,0.013,0.883,-0.032,0,0,0.693,4.376,6.314,0.916,NaN,0.47,0.013,0.883,0.032,0,0,0.638,4.053,6.354,0.859,2,0
451370,1.0000025123717e+18,63875743303257,0.01,1.434,-0.001,0.033,-0.25,0.034,0.967,NaN,0.485,0.013,0.875,0,0,0,63.85,NaN,0.485,0.012,0.875,-0.032,0,0,0.693,4.374,6.314,0.917,NaN,0.485,0.013,0.875,0.032,0,0,0.639,4.059,6.354,0.859,2,0
451371,1.00000251237669e+18,63875743303269,0.01,1.434,-0.001,0.033,-0.25,0.034,0.967,NaN,0.497,0.012,0.868,0,0,0,63.85,NaN,0.497,0.012,0.868,-0.032,0,0,0.692,4.371,6.314,0.918,NaN,0.497,0.012,0.868,0.032,0,0,0.641,4.07,6.354,0.859,2,0
451372,1.00000251238171e+18,63875743303280,0.009,1.434,0,0.033,-0.25,0.034,0.967,NaN,0.508,0.012,0.862,0,0,0,63.85,NaN,0.508,0.012,0.862,-0.032,0,0,0.692,4.37,6.314,0.918,NaN,0.508,0.012,0.862,0.032,0,0,0.641,4.072,6.354,0.859,2,0
451373,1.00000251238673e+18,63875743303280,0.009,1.434,0,0.033,-0.25,0.034,0.967,NaN,0.516,0.012,0.857,0,0,0,63.85,NaN,0.516,0.012,0.857,-0.032,0,0,0.692,4.368,6.314,0.918,NaN,0.516,0.012,0.857,0.032,0,0,0.641,4.074,6.354,0.859,2,0
451374,1.00000251239175e+18,63875743303280,0.009,1.434,0,0.033,-0.25,0.034,0.967,NaN,0.522,0.012,0.853,0,0,0,63.85,NaN,0.522,0.012,0.853,-0.032,0,0,0.692,4.368,6.314,0.918,NaN,0.522,0.012,0.853,0.032,0,0,0.641,4.074,6.354,0.86,2,0
451375,1.00000251239678e+18,63875743303290,0.009,1.434,0,0.033,-0.25,0.034,0.967,NaN,0.527,0.011,0.85,0,0,0,63.85,NaN,0.527,0.011,0.85,-0.032,0,0,0.692,4.37,6.314,0.921,NaN,0.527,0.011,0.85,0.032,0,0,0.641,4.074,6.354,0.862,2,0
451376,1.00000251240179e+18,63875743303290,0.009,1.434,0,0.033,-0.25,0.034,0.967,NaN,0.531,0.011,0.847,0,0,0,63.85,NaN,0.531,0.011,0.847,-0.032,0,0,0.692,4.37,6.314,0.924,NaN,0.531,0.011,0.847,0.032,0,0,0.641,4.074,6.354,0.865,2,0
451377,1.00000251240682e+18,63875743303305,0.009,1.434,0,0.033,-0.25,0.034,0.967,NaN,0.54,0.009,0.842,0,0,0,63.85,NaN,0.54,0.009,0.842,-0.032,0,0,0.692,4.372,6.314,0.927,NaN,0.54,0.009,0.842,0.032,0,0,0.641,4.074,6.354,0.869,2,0
451378,1.00000251241183e+18,63875743303305,0.009,1.434,0,0.033,-0.25,0.034,0.967,NaN,0.546,0.008,0.838,0,0,0,63.85,NaN,0.546,0.008,0.838,-0.032,0,0,0.692,4.372,6.314,0.93,NaN,0.546,0.008,0.838,0.032,0,0,0.641,4.073,6.354,0.873,2,0
451379,1.00000251241686e+18,63875743303305,0.009,1.434,0,0.033,-0.25,0.034,0.967,NaN,0.55,0.007,0.835,0,0,0,63.85,NaN,0.55,0.007,0.835,-0.032,0,0,0.692,4.372,6.314,0.933,NaN,0.55,0.007,0.835,0.032,0,0,0.641,4.072,6.354,0.877,2,0
451380,1.00000251242188e+18,63875743303315,0.009,1.434,0,0.033,-0.25,0.034,0.967,NaN,0.552,0.007,0.834,0,0,0,63.85,NaN,0.552,0.006,0.834,-0.032,0,0,0.692,4.372,6.314,0.94,NaN,0.552,0.007,0.834,0.032,0,0,0.64,4.069,6.354,0.881,2,0
451381,1.00000251242679e+18,63875743303315,0.009,1.434,0,0.033,-0.25,0.034,0.967,NaN,0.546,0.007,0.838,0,0,0,63.85,NaN,0.546,0.007,0.838,-0.032,0,0,0.692,4.372,6.314,0.948,NaN,0.546,0.007,0.838,0.032,0,0,0.64,4.067,6.354,0.885,2,0
451382,1.0000025124318e+18,63875743303326,0.009,1.434,0,0.033,-0.25,0.035,0.967,NaN,0.538,0.008,0.843,0,0,0,63.85,NaN,0.538,0.008,0.843,-0.032,0,0,0.692,4.371,6.314,0.955,NaN,0.538,0.008,0.843,0.032,0,0,0.64,4.067,6.354,0.89,2,0
451383,1.00000251243681e+18,63875743303327,0.009,1.434,0,0.033,-0.25,0.035,0.967,NaN,0.533,0.009,0.846,0,0,0,63.85,NaN,0.533,0.009,0.846,-0.032,0,0,0.692,4.368,6.314,0.961,NaN,0.533,0.009,0.846,0.032,0,0,0.64,4.068,6.354,0.893,2,0
451384,1.00000251244182e+18,63875743303327,0.009,1.434,0,0.033,-0.25,0.035,0.967,NaN,0.53,0.011,0.848,0,0,0,63.85,NaN,0.53,0.011,0.848,-0.032,0,0,0.691,4.365,6.314,0.966,NaN,0.53,0.011,0.848,0.032,0,0,0.641,4.072,6.354,0.897,2,0
451385,1.00000251244681e+18,63875743303337,0.009,1.434,0,0.033,-0.25,0.035,0.967,NaN,0.527,0.012,0.85,0,0,0,63.85,NaN,0.527,0.012,0.85,-0.032,0,0,0.691,4.362,6.314,0.971,NaN,0.527,0.012,0.85,0.032,0,0,0.642,4.077,6.354,0.9,2,0
451386,1.00000251245183e+18,63875743303338,0.009,1.434,0,0.033,-0.25,0.035,0.967,NaN,0.526,0.013,0.851,0,0,0,63.85,NaN,0.526,0.013,0.851,-0.032,0,0,0.69,4.358,6.314,0.975,NaN,0.526,0.013,0.851,0.032,0,0,0.642,4.081,6.354,0.903,2,0
451387,1.00000251245684e+18,63875743303348,0.009,1.434,0,0.033,-0.25,0.035,0.967,NaN,0.525,0.014,0.851,0,0,0,63.85,NaN,0.525,0.014,0.851,-0.032,0,0,0.69,4.355,6.314,0.978,NaN,0.525,0.014,0.851,0.032,0,0,0.643,4.083,6.354,0.906,2,0
451388,1.00000251246188e+18,63875743303348,0.009,1.434,0,0.033,-0.25,0.035,0.967,NaN,0.527,0.013,0.85,0,0,0,63.85,NaN,0.527,0.013,0.85,-0.032,0,0,0.689,4.35,6.314,0.98,NaN,0.527,0.013,0.85,0.032,0,0,0.643,4.084,6.354,0.909,2,0
451389,1.00000251246689e+18,63875743303360,0.009,1.433,0,0.033,-0.25,0.035,0.967,NaN,0.529,0.012,0.848,0,0,0,63.85,NaN,0.529,0.012,0.848,-0.032,0,0,0.688,4.346,6.314,0.983,NaN,0.529,0.012,0.848,0.032,0,0,0.643,4.084,6.354,0.912,2,0
451390,1.0000025124719e+18,63875743303360,0.009,1.433,0,0.033,-0.25,0.035,0.967,NaN,0.531,0.012,0.847,0,0,0,63.85,NaN,0.531,0.012,0.847,-0.032,0,0,0.688,4.343,6.314,0.984,NaN,0.531,0.012,0.847,0.032,0,0,0.643,4.084,6.354,0.914,2,0
451391,1.00000251247691e+18,63875743303371,0.009,1.433,0.001,0.033,-0.25,0.035,0.967,NaN,0.533,0.012,0.846,0,0,0,63.85,NaN,0.533,0.012,0.846,-0.032,0,0,0.687,4.34,6.314,0.986,NaN,0.533,0.012,0.846,0.032,0,0,0.643,4.084,6.354,0.917,2,0
451392,1.00000251248192e+18,63875743303371,0.009,1.433,0.001,0.033,-0.25,0.035,0.967,NaN,0.534,0.011,0.845,0,0,0,63.85,NaN,0.534,0.011,0.845,-0.032,0,0,0.687,4.337,6.314,0.987,NaN,0.534,0.011,0.845,0.032,0,0,0.643,4.083,6.354,0.918,2,0
451393,1.00000251248695e+18,63875743303382,0.009,1.433,0.001,0.033,-0.25,0.035,0.967,NaN,0.535,0.011,0.845,0,0,0,63.85,NaN,0.535,0.011,0.845,-0.032,0,0,0.686,4.334,6.314,0.988,NaN,0.535,0.011,0.845,0.032,0,0,0.642,4.082,6.354,0.92,2,0
451394,1.00000251249196e+18,63875743303382,0.009,1.433,0.001,0.033,-0.25,0.035,0.967,NaN,0.536,0.011,0.844,0,0,0,63.85,NaN,0.536,0.011,0.844,-0.032,0,0,0.686,4.331,6.314,0.989,NaN,0.536,0.011,0.844,0.032,0,0,0.642,4.082,6.354,0.923,2,0
451395,1.00000251249696e+18,63875743303382,0.009,1.433,0.001,0.033,-0.25,0.035,0.967,NaN,0.537,0.01,0.844,0,0,0,63.85,NaN,0.537,0.01,0.844,-0.032,0,0,0.686,4.328,6.314,0.99,NaN,0.537,0.01,0.844,0.032,0,0,0.642,4.081,6.354,0.924,2,0
